0.00002913862108471221
0.00003101277470705099
0.00003027650009244098
0.00002994182968905079
0.00002980796198244207
0.00002922786661656573
0.00002904937600760604
0.00003000876413352671
0.00002826847867254401
0.00003081197237406741
0.00002916093262683717
0.00003027650000149151
0.00003186060566804372
0.00003061117022298277
0.00002766607203739113
0.00002936173477792181
0.00002898244165407960
0.00002887088503484847
0.00002835772420439753
0.00002791149709082674
0.00002980796189149260
0.00002902706437453162
0.00002838003556462354
0.00002925017834058963
0.00003197216237822431
0.00002909399854615913
0.00002846928082362865
0.00002842465810317663
0.00002887088512579794
0.00002788918563965126
0.00002844696973625105
0.00002806767652145936
0.00002791149709082674
0.00002802305398290628
0.00002949560275737895
0.00003081197228311794
0.00002782225192277110
0.00003027649991054204
0.00002815692187141394
0.00002793380854200223
0.00002690748597160564
0.00002755451541816001
0.00002891550784624997
0.00002867008279281435
0.00002804536525218282
0.00002750989278865745
0.00002750989269770798
0.00002779994083539350
0.00002882626240534591
0.00002800074234983185
0.00002869239415304037
0.00002831310148394550
0.00002775531775114359
0.00002989720705954824
0.00002753220414888347
0.00003076734983551432
0.00002862546034521074
0.00002846928055078024
0.00002889319621317554
0.00002871470542231691
0.00002938404622909729
0.00002878163941204548
0.00002750989287960692
0.00002942866867670091
0.00002896013074860093
0.00002867008288376383
0.00002862546016331180
0.00002922786652561627
0.00002960715964945848
0.00002822385595209198
0.00002875932832466788
0.00002808998788168537
0.00002739833598752739
0.00002822385604304145
0.00002918324371421477
0.00002858083789760713
0.00002960715910376166
0.00002893781902457704
0.00002958484801638406
0.00002788918618534808
0.00002755451578195789
0.00002958484828923247
0.00002779994056254509
0.00002719753401834168
0.00002862546025426127
0.00002962947091873502
0.00002806767652145936
0.00002927248897321988
0.00002925017834058963
0.00002838003565557301
0.00002858083753380924
0.00002806767652145936
0.00002835772411344806
0.00002887088485294953
0.00002947329139715294
0.00002887088530769688
0.00002898244183597853
0.00002862546034521074
0.00002925017815869069
0.00002844696964530158
0.00002806767661240883
0.00002815692214426235
0.00002699673177630757
0.00002976333926199004
0.00002759913841146045
0.00002811229915096192
0.00002813461060213740
0.00002889319657697342
0.00002904937564380816
0.00002797843108055531
0.00002822385595209198
0.00002864777188733569
0.00002813461051118793
0.00002833541257132311
0.00002746527025010437
0.00002820154459186597
0.00002773300593617023
0.00002855852608263376
0.00002911630999733461
0.00002782225146802376
0.00002746526997725596
0.00002817923332258942
0.00002757682714218390
0.00002867008297471330
0.00002849159227480413
0.00002878163950299495
0.00002846928100552759
0.00002728677936829626
0.00002779994047159562
0.00002911630972448620
0.00002829078994182055
0.00002802305371005786
0.00002878163968489389
0.00002880395104511990
0.00002795611981127877
0.00002811229924191139
0.00002869239442588878
0.00002902706455643056
0.00002822385604304145
0.00002855852644643164
0.00013275252467792598
0.00002867008270186489
0.00002940635758932331
0.00002947329185190029
0.00002849159218385466
0.00002802305380100734
0.00002808998788168537
0.00002753220405793400
0.00002840234683390008
0.00002829079012371949
0.00002808998797263484
0.00002846928109647706
0.00002989720705954824
0.00002797843108055531
0.00002793380854200223
0.00002838003565557301
0.00002875932841561735
0.00002835772438629647
0.00002904937609855551
0.00002829078994182055
0.00002806767679430777
0.00002858083771570818
0.00002815692187141394
0.00002929480069724377
0.00002800074262268026
0.00002835772411344806
0.00002925017815869069
0.00002777762883852119
0.00002875932814276894
0.00002893781911552651
0.00002831310166584444
0.00002791149709082674
0.00002782225164992269
0.00002826847858159453
0.00002835772420439753
0.00002849159209290519
0.00002931711223936873
0.00002762144958978752
0.00002871470578611479
0.00002824616731231799
0.00002858083744285978
0.00002862546016331180
0.00002933942305389792
0.00002862546052710968
0.00002983027316076914
0.00002925017806774122
0.00002907168709498364
0.00002875932841561735
0.00002802305371005786
0.00002882626267819433
0.00002858083744285978
0.00002786687455227366
0.00002826847858159453
0.00002927248951891670
0.00002849159200195572
0.00002869239433493931
0.00002871470578611479
0.00002887088530769688
0.00002889319657697342
0.00002960715946755954
0.00002838003520082566
0.00002735371344897430
0.00003043267952307360
0.00002757682741503231
0.00002873701732823974
0.00002860314898498473
0.00002764376095001353
0.00002795611990222824
0.00002860314898498473
0.00002824616749421694
0.00002873701705539133
0.00002820154486471438
0.00002842465810317663
0.00002936173486887128
0.00002862546034521074
0.00002869239415304037
0.00002800074253173079
0.00002826847858159453
0.00002882626231439645
0.00002896013011195464
0.00002864777161448728
0.00002777762911136961
0.00002826847885444295
0.00002773300639091758
0.00002889319639507448
0.00002755451550910948
0.00002884857367462246
0.00002746527015915490
0.00002773300620901864
0.00002851390345313120
0.00002791149718177621
0.00002815692168951500
0.00002853621508620563
0.00002846928091457812
0.00002826847849064507
0.00002775531802399200
0.00002804536525218282
0.00002724215655689477
0.00002695210905585554
0.00002853621481335722
0.00002802305389195681
0.00002875932832466788
0.00002880395122701884
0.00002838003547367407
0.00002858083771570818
0.00002851390390787856
0.00002791149718177621
0.00002913862144851009
0.00002829078994182055
0.00002724215646594530
0.00002820154459186597
0.00002916093244493823
0.00002860314898498473
0.00002891550802814891
0.00002817923368638731
0.00002891550784624997
0.00002831310166584444
0.00002706366576603614
0.00002855852626453270
0.00002775531775114359
0.00002793380845105275
0.00002733140190684935
0.00002817923323163996
0.00002726446809901972
0.00002835772402249859
0.00002873701696444186
0.00002768838376141502
0.00002748758170127985
0.00002994182968905079
0.00002800074225888238
0.00002851390381692909
0.00002786687446132419
0.00002858083780665766
0.00002791149709082674
0.00002878163977584336
0.00002900475337810349
0.00002773300629996811
0.00002831310130204656
0.00002835772411344806
0.00002820154468281544
0.00002829079021466896
0.00002896013056670199
0.00002806767652145936
0.00002851390336218174
0.00002849159227480413
0.00002878163968489389
0.00002800074216793291
0.00002842465810317663
0.00002893781920647598
0.00002936173505077022
0.00002849159200195572
0.00002858083744285978
0.00002882626240534591
0.00002779994056254509
0.00002764376067716512
0.00002784456337394658
0.00003045499115614802
0.00002913862144851009
0.00002746526988630649
0.00002806767670335830
0.00002851390345313120
0.00002887088512579794
0.00002869239424398984
0.00002864777179638622
0.00002855852635548217
0.00003054423641515314
0.00002873701687349239
0.00002829079012371949
0.00002815692196236341
0.00002811229915096192
0.00002808998788168538
0.00002766607231023954
0.00002735371335802483
0.00002784456282824977
0.00002904937582570710
0.00002954022556878044
0.00002929480033344589
0.00002873701732823974
0.00002822385604304145
0.00002884857385652140
0.00002842465828507557
0.00002893781902457704
0.00002806767670335830
0.00002737602462730137
0.00002829079021466896
0.00002811229915096192
0.00002804536525218282
0.00002880395140891778
0.00002855852644643164
0.00003009800884683500
0.00002826847867254401
0.00002871470578611479
0.00002797843098960584
0.00002858083771570818
0.00002853621499525616
0.00002764376095001353
0.00002831310148394550
0.00002621583462314447
0.00002842465801222716
0.00002967409354823758
0.00002875932841561735
0.00002931711205746979
0.00002820154486471438
0.00002956253701995592
0.00002884857367462246
0.00002782225183182163
0.00002833541266227257
0.00002880395104511990
0.00002878163959394442
0.00002737602499109926
0.00002764376104096300
0.00002909399863710860
0.00002927248951891670
0.00002904937573475763
0.00002849159227480413
0.00002931711214841925
0.00002991951860167319
0.00002962947119158344
0.00002820154459186597
0.00002797843117150478
0.00002898244156313012
0.00002811229924191139
0.00002786687418847578
0.00003016494329131092
0.00002777762892947067
0.00002898244183597853
0.00002864777143258834
0.00002795611990222824
0.00002858083762475872
0.00002925017815869069
0.00002708597694436321
0.00003114664268650813
0.00002802305371005786
