0.00002842465812022965
0.00003409174069588516
0.00002862546026562996
0.00003136975617508142
0.00002947329151652411
0.00003027650006970362
0.00003244070092591756
0.00003364551369031687
0.00002882626241103026
0.00003018725467995864
0.00003016494334815434
0.00002951791423129180
0.00002846928082931299
0.00002757682689775720
0.00002759913825229887
0.00002898244187008458
0.00002846928080657563
0.00002927248935407078
0.00002829079004413870
0.00002849159219522335
0.00002726446802512328
0.00002800074252036211
0.00002849159216680164
0.00013154771146446366
0.00002753220419435820
0.00003112433133196646
0.00002936173477223747
0.00002771069500795420
0.00002884857378262495
0.00002750989286823824
0.00002786687442721813
0.00002956253691763777
0.00002902706454506188
0.00002855852624179534
0.00002860314894519433
0.00002938404613246348
0.00002849159221227637
0.00002835772407934201
0.00002775531766587847
0.00002913862128366418
0.00002755451556026856
0.00002773300633407416
0.00002777762905452619
0.00002853621491567537
0.00002750989287392258
0.00002757682688070417
0.00002835772410776372
0.00002869239432925497
0.00002853621487588498
0.00002974102769144338
0.00002904937589391920
0.00002782225173518782
0.00002871470567242795
0.00002989720715049771
0.00002766607230455520
0.00002808998795558182
0.00002900475321325757
0.00002782225171813479
0.00002842465813159834
0.00002744295881598191
0.00002951791423697614
0.00002853621489862235
0.00002900475319620455
0.00002907168727119824
0.00002826847873507177
0.00002927248939386118
0.00002846928082931299
0.00002920555533023616
0.00002889319647465527
0.00002869239432925497
0.00002815692194531039
0.00002851390352702765
0.00002824616732937102
0.00002788918576470678
0.00002891550782919694
0.00002840234678842535
0.00002815692196804775
0.00002811229927601744
0.00002900475323031060
0.00002791149712493279
0.00002800074252604645
0.00002773300633407416
0.00002873701701560094
0.00002884857374283456
0.00002800074249194040
0.00002838003542251499
0.00002797843117718912
0.00002757682690344154
0.00002849159218385466
0.00002771069496247946
0.00002824616735779273
0.00002804536525218283
0.00002735371342055259
0.00002880395105080424
0.00002826847871233440
0.00003154824696025571
0.00002909399860868689
0.00002860314893382565
0.00002817923332827377
0.00002815692193962604
0.00002744295882166625
0.00002909399856321215
0.00002791149710787977
0.00002829079006119173
0.00002916093263820585
0.00002889319644054922
0.00002788918578175981
0.00002831310139299603
0.00002842465814865136
0.00002824616733505536
0.00002791149714767016
0.00002739833614100462
0.00002840234682253140
0.00002791149713061714
0.00002869239435767668
0.00002750989285686955
0.00002880395108491030
0.00002867008295766027
0.00002840234680547837
0.00002748758149664354
0.00002817923333395811
0.00002829079007256041
0.00002860314895087868
0.00002853621488725366
0.00002706366588540732
0.00002795611982833179
0.00002858083754517793
0.00002927248940522986
0.00002775531767724715
0.00002855852625884836
0.00002875932835308958
0.00002804536522376111
0.00002846928086910339
0.00002804536521239243
0.00002791149712493279
0.00002795611982264745
0.00002846928084068168
0.00002757682692617891
0.00002775531769998452
0.00002873701704402265
0.00002750989282276351
0.00002838003545662104
0.00002686286374000702
0.00002746527015915490
0.00002889319648033961
0.00002846928081794431
0.00002802305386353510
0.00002782225175224085
0.00002811229928738612
0.00002974102770849641
0.00002766607229318652
0.00002898244187576893
0.00002838003546230539
0.00002744295882735059
0.00002800074250330908
0.00002815692198510078
0.00002706366588540732
0.00002922786671319954
0.00002746527011936450
0.00003016494331404829
0.00002858083759065266
0.00002829079003845436
0.00002902706457916793
0.00002875932840993300
0.00002773300635112719
0.00002976333909714413
0.00002976333906872242
0.00002719753398991997
0.00002855852622474231
0.00002797843118855781
0.00002744295880461323
0.00002808998790442274
0.00002822385601461974
0.00002757682690912588
0.00002855852622474231
0.00002719753399560432
0.00002869239431788628
0.00002726446800807025
0.00002804536523512979
0.00002838003546230539
0.00002817923331690508
0.00002846928082362865
0.00002849159218385466
0.00002739833610689857
0.00002811229925896441
0.00002808998793852879
0.00002788918577039112
0.00002838003545662104
0.00002822385598051369
0.00002779994035790878
0.00002911630994049119
0.00002862546030542035
0.00002795611983401613
0.00002833541275322205
0.00002815692200215381
0.00002739833609552988
0.00002849159216680164
0.00002833541272480034
0.00002757682689775720
0.00002909399858594952
0.00002844696950319303
0.00002701904319337700
0.00002753220421141123
0.00009388615498551189
0.00002842465815433570
0.00002983027312666309
0.00002811229927033310
0.00002800074252604645
0.00002860314893950999
0.00002820154469418412
0.00002815692195099473
0.00002800074254878382
0.00002793380846810578
0.00002969640502783477
0.00002887088512011360
0.00002882626245082065
0.00002739833612395159
0.00002851390354976502
0.00002808998789873840
0.00002922786670751521
0.00002846928084068168
0.00002815692197941644
0.00002869239435199233
0.00002811229928170178
0.00002753220422846425
0.00002820154467713110
0.00002831310142710208
0.00002768838361930648
0.00002784456306130778
0.00002931711210294452
0.00002980796177212142
0.00002713059995471667
0.00002896013049848989
0.00002938404613246348
0.00002858083762475872
0.00002898244185303156
0.00002902706452800885
0.00002871470570084966
0.00002851390354408068
0.00002829079003845436
0.00002804536518397072
0.00002757682688070417
0.00002791149712493279
0.00002777762904884185
0.00002860314892814131
0.00003864325582298988
0.00002831310138162735
0.00002779994038633049
0.00002748758147959052
0.00002826847871801874
0.00002940635747563647
0.00002884857378262495
0.00002766607228181783
0.00002858083759065266
0.00002896013049848989
0.00002757682690912588
0.00002835772411344806
0.00002815692193962604
0.00002820154466007807
0.00002802305382942905
0.00002713059992061062
0.00002793380845105275
0.00002909399860300255
0.00002773300634544284
0.00002815692195099473
0.00002965178231875143
0.00002829079006119173
0.00002724215667058161
0.00002851390352702765
0.00002858083759065266
0.00002862546027131430
0.00002804536522376112
0.00002806767658967146
0.00002822385599756672
0.00002849159220659203
0.00002826847868391269
0.00002860314894519433
0.00002726446801375459
0.00002878163973036863
0.00002773300634544284
0.00003032112278447130
0.00002860314897930039
0.00002815692196236341
0.00002670668430369005
0.00002733140207737961
0.00002862546027131430
0.00002795611979991009
0.00002766607228181783
0.00002824616732937102
0.00002846928085205036
0.00002786687443290248
0.00002690748643772167
0.00002817923332827377
0.00002824616739189878
0.00002820154465439373
0.00002768838361930648
0.00002844696949182435
0.00002902706453937753
0.00002873701703833831
0.00002746527013073319
0.00002791149713061714
0.00002878163975310599
0.00002871470569516532
0.00002717522261264094
0.00002938404612677914
0.00002744295877619152
0.00002786687440448077
0.00002782225174087216
0.00002728677937398061
0.00002692979776384163
0.00002688517509454869
0.00002826847871233440
0.00002739833612963594
0.00002891550782351260
0.00002713059987513589
0.00002826847870665006
0.00002771069496816381
0.00002927248939386118
0.00002713059994334799
0.00002793380847379012
0.00002873701703833831
0.00002806767657261844
0.00002786687444995550
0.00002717522262969396
0.00002808998791579142
0.00002782225175224085
0.00002784456310678252
0.00002748758148527486
0.00002811229927033310
0.00002681824103092367
0.00002853621488725366
0.00002744295881029757
0.00002730909073420662
0.00002746527016483924
0.00002766607229318652
0.00002719753395012958
0.00002695210912975199
0.00002744295881029757
0.00002829079001571699
0.00002824616735779273
0.00002909399860300255
0.00002726446801943894
0.00002791149707377372
0.00002931711208020715
0.00002775531770566886
0.00002867008293492290
0.00002726446801375459
0.00002773300632838982
0.00002779994037496181
0.00002846928085773470
0.00002699673185020402
0.00002806767654988107
0.00002838003545662104
0.00002797843118855781
0.00002826847871801874
0.00002744295881029757
0.00002784456306699212
0.00002748758151369657
0.00002795611981127877
0.00002891550781782826
0.00002820154467144676
0.00002815692195099473
0.00002849159218385466
0.00002775531766587847
0.00002862546028268298
0.00002766607228181783
0.00002817923331122074
0.00002846928084068168
0.00002871470568379664
0.00002918324400980055
0.00002831310142710208
0.00002838003543956802
0.00002864777160880294
