0.00000705038592059282
0.00000794284023868386
0.00000785359461588087
0.00000725118825357640
0.00000727349943190347
0.00000702807483321521
0.00000700576365488814
0.00000734043369448045
0.00000758585856601712
0.00000709500882294378
0.00000680496132190456
0.00000702807474226574
0.00000711732000127085
0.00000742967922633397
0.00000693882948326063
0.00000713963154339581
0.00000765279237384675
0.00000725118843547534
0.00000680496123095509
0.00000952694581428659
0.00000767510400692117
0.00000720656571502332
0.00000700576365488814
0.00000736274505470646
0.00000729581106497790
0.00000834444435895420
0.00000727349979570135
0.00000729581097402843
0.00000760816974434420
0.00000662647053104593
0.00000727350006854977
0.00000700576347298920
0.00000731812224330497
0.00000729581115592737
0.00000736274505470647
0.00000760816992624314
0.00000682727250023163
0.00000716194299457129
0.00000722887707524933
0.00000711732045601821
0.00000727349961380241
0.00000698345220371266
0.00000727349979570135
0.00000734043369448045
0.00000722887698429986
0.00000718425426384783
0.00000729581115592737
0.00000771972681832267
0.00000718425426384783
0.00000711732018316980
0.00000691651775923674
0.00000751892430344014
0.00000684958395140711
0.00000765279237384675
0.00000711732009222033
0.00000707269746271777
0.00000718425417289836
0.00000660415907987044
0.00000691651785018621
0.00000742967913538450
0.00000716194290362182
0.00000941538901315653
0.00000718425417289836
0.00000713963154339581
0.00000742967895348556
0.00000749661339796148
0.00000747430158298812
0.00000700576347298920
0.00000673802742312546
0.00000792052860560943
0.00000734043378542992
0.00000718425399099942
0.00000729581097402843
0.00000740736786610796
0.00000778666062615230
0.00000682727277308004
0.00000700576356393867
0.00000687189540258260
0.00000700576320014079
0.00000740736759325955
0.00000736274514565594
0.00000738505623303354
0.00000696114093443612
0.00000705038628439070
0.00000678264987072907
0.00000707269773556618
0.00000671571597194998
0.00000725118870832375
0.00000738505614208407
0.00000729581106497790
0.00000738505650588195
0.00000687189531163313
0.00000711732009222033
0.00000716194290362182
0.00000727349961380241
0.00000745199040466105
0.00000718425426384783
0.00000693882957421010
0.00000691651803208515
0.00000747430185583653
0.00000725118825357640
0.00000957156862568809
0.00000707269737176830
0.00000729581106497790
0.00000698345202181372
0.00000702807474226574
0.00000740736777515849
0.00000720656535122544
0.00000736274496375700
0.00000682727268213057
0.00000691651812303462
0.00000698345193086425
0.00000731812251615338
0.00000711732027411927
0.00000727349970475188
0.00000731812242520391
0.00000658184799249284
0.00000734043378542992
0.00000709500891389325
0.00000678264996167854
0.00000711732036506874
0.00000684958386045764
0.00000736274523660541
0.00000718425444574677
0.00000709500900484272
0.00000722887707524933
0.00000713963145244634
0.00000718425426384783
0.00000800977404651348
0.00000707269773556618
0.00000734043369448045
0.00000693882948326063
0.00000709500891389325
0.00000747430167393759
0.00000702807474226574
0.00000676033841955359
0.00000731812242520391
0.00000747430194678600
0.00000702807492416468
0.00000760816983529367
0.00000705038610249176
0.00000700576338203973
0.00000691651803208515
0.00000769741554904613
0.00000722887689335039
0.00000736274532755488
0.00000682727240928216
0.00000680496150380350
0.00000747430176488706
0.00000709500873199431
0.00000725118834452587
0.00000756354720579111
0.00000731812242520391
0.00000696114066158771
0.00000745199040466105
0.00000700576347298920
0.00000709500909579219
0.00000754123566366616
0.00000725118816262693
0.00000720656607882120
0.00000718425417289836
0.00000680496095810668
0.00000729581115592737
0.00000700576347298920
0.00000727349961380241
0.00000742967886253609
0.00000700576347298920
0.00000698345202181372
0.00000691651821398409
0.00000709500891389325
0.00000655953663226683
0.00000751892466723802
0.00000709500882294378
0.00000736274514565594
0.00000763048119551968
0.00000707269755366724
0.00000725118843547534
0.00000680496150380350
0.00001253897798960679
0.00000709500891389325
0.00000705038619344123
0.00000749661303416360
0.00000682727259118110
0.00000667109316054848
0.00000696114075253718
0.00000707269755366724
0.00000722887707524933
0.00000691651775923674
0.00000747430185583653
0.00000725118816262693
0.00000691651812303462
0.00000736274523660541
0.00000680496132190456
0.00000682727250023163
0.00000742967913538450
0.00000691651830493356
0.00000711732000127085
0.00000691651803208515
0.00000725118843547534
0.00000789821724538342
0.00000689420658090967
0.00000720656562407385
0.00000705038610249176
0.00000716194308552076
0.00000736274496375700
0.00000680496150380350
0.00000805439667601604
0.00000725118834452587
0.00000756354729674058
0.00000720656526027597
0.00000713963163434528
0.00000760817029004102
0.00000736274505470647
0.00000780897207732778
0.00000734043369448045
0.00000684958413330605
0.00000702807510606362
0.00000738505623303354
0.00000756354729674058
0.00000707269773556618
0.00000734043360353098
0.00000702807492416468
0.00000729581097402843
0.00000736274487280752
0.00000696114057063824
0.00000700576347298920
0.00000754123602746404
0.00000700576320014079
0.00000722887689335039
0.00000720656544217490
0.00000718425408194889
0.00000725118852642481
0.00000705038610249176
0.00000709500864104484
0.00000738505641493248
0.00000718425417289836
0.00000747430158298812
0.00000751892457628855
0.00000673802751407493
0.00000660415935271885
0.00000693882939231116
0.00000769741527619772
0.00000740736777515849
0.00000702807465131627
0.00000736274523660541
0.00000722887698429986
0.00000722887707524933
0.00000711732027411927
0.00000711732018316980
0.00000751892439438961
0.00000825519882710068
0.00000758585865696659
0.00000731812224330497
0.00000680496114000562
0.00000731812242520391
0.00000707269755366724
0.00000740736759325955
0.00000729581088307896
0.00000689420694470755
0.00000756354711484164
0.00000789821742728236
0.00000698345229466213
0.00000763048137741862
0.00000754123557271669
0.00000722887707524933
0.00000669340442982502
0.00000716194290362182
0.00000705038610249176
0.00000736274505470647
0.00000693882948326063
0.00000691651794113568
0.00000707269746271777
0.00000747430167393759
0.00000754123602746404
0.00000676033887430094
0.00000705038619344123
0.00000760816983529367
0.00000676033851050306
0.00000678264987072907
0.00000698345202181372
0.00000738505641493248
0.00000740736768420902
0.00000680496132190456
0.00000687189549353207
0.00000722887680240092
0.00000720656580597279
0.00000698345202181372
0.00000783128307375591
0.00000693882948326063
0.00000758585847506765
0.00000727349970475188
0.00000707269737176830
0.00000763048101362074
0.00000696114057063824
0.00000711731991032138
0.00000769741563999560
0.00000713963163434528
0.00000713963145244634
0.00000687189522068365
0.00000696114075253718
0.00000687189540258260
0.00000673802696837811
0.00000707269764461671
0.00000705038619344123
0.00000713963163434528
0.00000754123575461563
0.00000713963145244634
0.00000736274514565594
0.00000709500900484272
0.00000740736777515849
0.00000700576329109026
0.00000771972681832267
0.00000780897207732778
0.00000662647044009645
0.00000718425426384783
0.00000682727277308004
0.00000718425435479730
0.00000727349961380241
0.00000678264977977960
0.00000687189522068365
0.00000794284014773438
0.00000720656571502332
0.00000736274514565594
0.00000673802724122652
0.00000691651812303462
0.00000713963163434528
0.00000720656544217491
0.00000722887725714827
0.00000669340470267343
0.00000680496132190456
0.00000696114093443612
0.00000754123593651457
0.00000691651803208515
0.00000702807492416468
0.00000758585856601712
0.00000785359488872928
0.00000727349943190347
0.00000720656562407385
0.00000763048146836809
0.00000676033878335147
0.00000742967922633397
0.00000738505641493248
0.00000765279273764463
0.00000718425426384783
0.00000716194290362182
0.00000738505614208407
0.00000718425426384783
0.00000693882939231116
0.00000734043342163204
0.00000702807510606362
0.00000760816983529366
0.00000718425435479730
0.00000722887707524933
0.00000700576338203973
0.00000696114102538559
0.00000756354720579111
0.00001169114666481619
0.00000745199022276211
0.00000687189558448154
0.00000651491391181480
0.00000718425408194889
0.00000751892448533908
0.00000698345220371266
0.00000767510409787064
0.00000716194281267235
0.00000709500873199431
0.00000734043360353098
0.00000747430185583653
0.00000729581097402843
0.00000705038628439070
0.00000711732027411927
0.00000758585865696659
0.00000749661330701201
