0.00001053095647876034
0.00001046402257998125
0.00001142341079685139
0.00001133416535594733
0.00000934845538722584
0.00000997317265500897
0.00000954925726546207
0.00000939307765293051
0.00000968312569966656
0.00001075406989912153
0.00000959388007686357
0.00000970543669609469
0.00000959388016781304
0.00001012935217659106
0.00000950463445406058
0.00000946001182455802
0.00000961619098234223
0.00000908071879166528
0.00000992855038930429
0.00000977237041297485
0.00000986161576292943
0.00000997317283690791
0.00000908071897356422
0.00000961619134614011
0.00000986161603577784
0.00000954925726546207
0.00000966081397564267
0.00000930383239392540
0.00000966081406659214
0.00000966081397564267
0.00000990623893812881
0.00000986161649052520
0.00000966081424849108
0.00000941538919505547
0.00000977237059487379
0.00000959387980401516
0.00000943770064623095
0.00000921458677112241
0.00000950463454501005
0.00000939307792577892
0.00000959387989496463
0.00000970543660514522
0.00000992855011645588
0.00001004010691758595
0.00001068713609129190
0.00001006241836876143
0.00000941538901315653
0.00001004010691758595
0.00000932614393605036
0.00000968312515396974
0.00000932614393605036
0.00001111105148083880
0.00000952694572333712
0.00000988392721410492
0.00000939307801672840
0.00000983930476650130
0.00000937076647460344
0.00000968312533586868
0.00000959388007686357
0.00000959387998591410
0.00000937076656555291
0.00001008472963803797
0.00000981699331532582
0.00001024090888677165
0.00000970543687799363
0.00000939307747103157
0.00000943770019148360
0.00000957156871663756
0.00000986161603577784
0.00000952694599618553
0.00000983930467555183
0.00000966081406659214
0.00000950463445406058
0.00000977237086772220
0.00000928152085180045
0.00000932614402699983
0.00000939307783482945
0.00000961619152803905
0.00000957156889853650
0.00000977237077677273
0.00000963850316111348
0.00000970543669609469
0.00001012935208564159
0.00000954925726546207
0.00000939307783482946
0.00000934845511437743
0.00000950463427216164
0.00001004010673568700
0.00000957156835283968
0.00000977237041297485
0.00000977237086772220
0.00000963850225161878
0.00000943770055528148
0.00000961619107329170
0.00000990623866528040
0.00000916996477826615
0.00000995086147668189
0.00000979468213699875
0.00000975005978034460
0.00000952694599618553
0.00000999548410618445
0.00001024090925056953
0.00000952694590523606
0.00000950463427216164
0.00001004010691758595
0.00000946001182455802
0.00000992854993455694
0.00000941538919505547
0.00000946001155170961
0.00000950463427216164
0.00000983930449365289
0.00000979468231889768
0.00000952694599618553
0.00000948232309383457
0.00000921458731681923
0.00000937076638365397
0.00000939307810767787
0.00000972774796537124
0.00000921458695302135
0.00000914765296329279
0.00000943770046433201
0.00009823686823438039
0.00000946001164265908
0.00000966081406659214
0.00000946001209740643
0.00000970543660514523
0.00000983930458460236
0.00000957156853473862
0.00000970543705989257
0.00000970543669609469
0.00000954925708356313
0.00000941538901315653
0.00000986161621767678
0.00000979468195509980
0.00000959387980401516
0.00000957156853473862
0.00000972774805632071
0.00000966081388469320
0.00000948232309383457
0.00000952694617808447
0.00000952694599618553
0.00001012935208564159
0.00000934845529627637
0.00000943770064623095
0.00000932614384510089
0.00000941538883125759
0.00000952694590523606
0.00000977237068582326
0.00000972774778347230
0.00000939307783482946
0.00000925920949157444
0.00000972774787442177
0.00000941538910410600
0.00000952694572333712
0.00000968312533586868
0.00000977237068582326
0.00000950463445406058
0.00001021859798129299
0.00001001779537546099
0.00000946001182455802
0.00000988392730505439
0.00000986161585387890
0.00000961619134614011
0.00000959387998591410
0.00000925920930967550
0.00000988392712315545
0.00000977237041297485
0.00000961619134614011
0.00000959388007686357
0.00000952694608713500
0.00000919227541089640
0.00000941538919505547
0.00000968312524491921
0.00000966081406659214
0.00000941538928600494
0.00000950463436311111
0.00000937076656555291
0.00000983930485745077
0.00001570718932271120
0.00000966081433944055
0.00000970543669609469
0.00000983930476650130
0.00000963850234256825
0.00000928152094274992
0.00000952694581428659
0.00000963850252446718
0.00000939307774387998
0.00000932614393605036
0.00000943770046433201
0.00000952694608713500
0.00000959387980401516
0.00000952694572333712
0.00000968312515396974
0.00000961619125519064
0.00001108874030251172
0.00001026322042889660
0.00000946001191550749
0.00000979468213699875
0.00000988392739600386
0.00000928152121559833
0.00000979468231889768
0.00000997317265500897
0.00000961619134614011
0.00000961619080044329
0.00000950463481785846
0.00000997317274595844
0.00001021859779939405
0.00000959387989496463
0.00000932614393605036
0.00000941538937695441
0.00000954925744736101
0.00000972774787442177
0.00000957156862568809
0.00000939307774387998
0.00000966081361184479
0.00001019628625726909
0.00000941538910410600
0.00001059789065038786
0.00000970543660514522
0.00000983930476650130
0.00000937076629270450
0.00000946001155170961
0.00000941538910410600
0.00000937076629270450
0.00000963850243351771
0.00000968312542681815
0.00000957156862568809
0.00000916996414161986
0.00000930383257582434
0.00000968312506302027
0.00000921458686207188
0.00000961619125519064
0.00000963850252446718
0.00000937076647460344
0.00000946001164265908
0.00000977237077677273
0.00000970543687799363
0.00000988392775980174
0.00000934845511437743
0.00000934845511437743
0.00000954925699261366
0.00000972774787442177
0.00000979468231889768
0.00000941538901315653
0.00000983930494840024
0.00000983930449365289
0.00000925920940062497
0.00000954925726546207
0.00000939307783482945
0.00001035246605169959
0.00000999548410618445
0.00000948232327573351
0.00000943770091907936
0.00000979468213699874
0.00000990623875622987
0.00000968312533586868
0.00000943770037338254
0.00000963850243351771
0.00000990623866528040
0.00000975005950749619
0.00000957156853473862
0.00000767510373407276
0.00000975005932559725
0.00000957156862568809
0.00000959387998591410
0.00000966081388469320
0.00000932614393605036
0.00000943770055528148
0.00000941538901315653
0.00000957156871663756
0.00000937076647460344
0.00000981699331532582
0.00000954925708356313
0.00000946001200645696
0.00000950463427216164
0.00000930383239392540
0.00000934845502342796
0.00000972774787442177
0.00000990623884717934
0.00000921458704397082
0.00000988392748695332
0.00000950463472690899
0.00000919227568374481
0.00000981699349722476
0.00000968312542681815
0.00000972774814727018
0.00000954925726546207
0.00000961619134614011
0.00000950463463595952
0.00000959387980401516
0.00000939307774387998
0.00000986161639957572
0.00000959388007686357
0.00000932614411794930
0.00000934845493247849
0.00000990623902907828
0.00000937076629270450
0.00000981699358817423
0.00000954925744736101
0.00000988392739600386
0.00000941538901315653
0.00000957156862568809
0.00000968312533586868
0.00000941538910410600
0.00000981699313342688
0.00000954925708356313
0.00000961619107329170
0.00000968312542681815
0.00000950463445406058
0.00000977237068582326
0.00001006241791401408
0.00000986161594482837
0.00000968312551776762
0.00001012935226754053
0.00000957156889853650
0.00000952694572333712
0.00000981699367912370
0.00000948232327573351
0.00000948232318478404
0.00000934845520532690
0.00000968312551776762
0.00000990623902907828
0.00000990623884717934
0.00000939307774387998
0.00000943770055528148
0.00000957156862568809
0.00000975005941654672
0.00000939307774387998
0.00000999548401523498
0.00000957156862568809
0.00001001779537546099
0.00000954925717451260
0.00000934845502342796
0.00000977237086772220
0.00000988392748695332
0.00000997317283690791
0.00000946001209740643
0.00000979468222794822
0.00000999548410618445
0.00000963850252446718
0.00000981699349722476
0.00000948232309383457
0.00001001779546641046
0.00000966081388469320
0.00000941538892220706
0.00000979468186415033
0.00001021859761749511
0.00000992855029835482
0.00000968312533586868
0.00001008472972898744
0.00000995086156763136
0.00001006241773211514
0.00000921458722586976
0.00000997317292785738
0.00000966081397564267
0.00000952694617808447
0.00001227124175784411
0.00000966081370279426
0.00000977237068582326
0.00001030784305839916
0.00000992855029835482
0.00000957156853473862
0.00000930383248487487
0.00000937076620175503
0.00000999548401523498
0.00000925920994632179
0.00000975005941654672
0.00000992855029835482
0.00000939307756198104
0.00000952694599618553
0.00000992855011645588
0.00000988392730505439
0.00000954925726546207
