0.00000470769460889642
0.00000533241243374505
0.00000441764699417035
0.00000484156270204039
0.00000486387397131693
0.00000437302428508701
0.00000473000593501638
0.00000473000594638506
0.00000437302435329912
0.00000437302438740517
0.00000419453352833443
0.00000441764706238246
0.00000459613778502899
0.00000473000591227901
0.00000421684495677255
0.00000423915626015514
0.00000423915629426119
0.00000450689242370572
0.00000437302441014253
0.00000466307189981308
0.00000439533546341409
0.00000428377898060717
0.00000412759949313113
0.00000437302437603648
0.00000450689240096835
0.00000432840151916025
0.00000428377888965770
0.00000443995830892163
0.00000421684488856044
0.00000426146764311852
0.00000432840167832182
0.00000410528820111722
0.00000419453361928390
0.00000452920386351252
0.00000457382653848981
0.00000419453349422838
0.00000446226970325370
0.00000435071297033574
0.00000435071300444179
0.00000477462864409972
0.00000499774217814775
0.00000439533572489381
0.00000435071303854784
0.00000426146751806300
0.00000448458115442918
0.00000435071303854784
0.00000448458118853523
0.00000457382642480297
0.00000452920384077515
0.00000452920372708832
0.00000439533571352513
0.00000502005350426771
0.00000446226968051633
0.00000484156265656566
0.00000423915624878646
0.00000435071302717915
0.00000452920376119437
0.00000459613781913504
0.00000439533571352513
0.00000437302438740517
0.00000421684489992913
0.00000432840161010972
0.00000457382647027771
0.00000464076047137496
0.00000419453358517785
0.00000470769460889642
0.00000419453359654654
0.00000437302438740517
0.00000426146752943168
0.00000426146755216905
0.00000475231728387371
0.00000408297682952252
0.00000426146764311852
0.00000446226973735975
0.00000446226966914765
0.00000446226976009711
0.00000441764709648851
0.00000455151506457696
0.00000421684493403518
0.00000439533570215644
0.00000457382643617166
0.00000421684492266650
0.00000426146760901247
0.00000430609030672713
0.00000428377896923848
0.00000473000585543559
0.00000430609029535844
0.00000441764708511982
0.00000441764706238246
0.00000448458101800497
0.00000457382651575244
0.00000473000592364770
0.00000439533565668171
0.00000457382643617166
0.00000448458104074234
0.00000419453338054154
0.00000419453347149101
0.00000437302441014253
0.00000459613779639767
0.00000439533571352513
0.00000448458114306050
0.00000443995826344690
0.00000419453358517785
0.00000475231715881819
0.00000421684495677255
0.00000426146760901247
0.00000423915627152382
0.00000452920378393173
0.00000441764694869562
0.00000421684493403518
0.00000426146765448721
0.00000473000590091033
0.00000477462862136235
0.00000448458116579786
0.00000466307184296966
0.00000470769452931563
0.00000410528812153643
0.00000417222225905789
0.00000466307189981308
0.00000406066550340256
0.00000479693993611363
0.00000466307189981308
0.00000455151501910222
0.00000408297677267910
0.00000441764690322088
0.00000432840164421577
0.00000461844922483579
0.00000430609020440897
0.00000441764714196324
0.00000452920376119437
0.00000426146763174984
0.00000452920380666910
0.00000432840165558446
0.00000464076057369311
0.00000446226977146580
0.00000443995830892163
0.00000430609032946450
0.00000441764707375114
0.00000441764700553904
0.00000439533574763118
0.00000439533566805039
0.00000439533563394434
0.00000417222215673974
0.00000448458112032313
0.00000448458093842419
0.00000499774200761749
0.00000432840171242788
0.00000459613767134215
0.00000455151517826380
0.00000437302438740517
0.00000441764698280167
0.00000466307178612624
0.00000423915628289251
0.00000455151500773354
0.00000432840165558446
0.00000437302434193043
0.00000461844917936105
0.00000450689236686230
0.00000468538308950883
0.00000417222224768921
0.00000421684474076756
0.00000488618537701768
0.00000437302429645570
0.00000470769456342168
0.00000430609036357055
0.00000457382650438376
0.00000421684496814123
0.00000435071301581047
0.00000435071285664890
0.00000475231724976766
0.00000441764699417035
0.00000441764702827641
0.00000432840170105919
0.00000457382640206561
0.00000417222223632052
0.00000439533555436356
0.00000423915628289251
0.00000419453351696575
0.00001166883541827701
0.00000435071303854784
0.00000419453357380917
0.00000490849668040028
0.00000439533549752014
0.00000437302441014253
0.00000457382653848981
0.00000428377890102638
0.00000430609031809581
0.00000446226971462238
0.00000448458107484839
0.00000450689252602388
0.00000455151504183959
0.00000488618539975505
0.00000452920378393173
0.00000477462863273104
0.00000455151516689511
0.00000432840168969051
0.00000414991089883188
0.00000452920382940647
0.00000452920372708832
0.00000461844922483579
0.00000441764706238246
0.00000466307193391913
0.00000441764709648851
0.00000423915622604909
0.00000468538320319567
0.00000455151511005170
0.00000435071298170442
0.00000475231735208581
0.00000443995842260847
0.00000439533565668171
0.00000430609017030292
0.00000466307182023229
0.00000430609024988371
0.00000414991084198846
0.00000426146763174984
0.00000423915628289251
0.00000450689246918046
0.00000432840153052894
0.00000428377899197585
0.00000426146755216905
0.00000448458104074234
0.00000430609030672713
0.00000446226954409212
0.00000466307192255044
0.00000443995834302768
0.00000435071297033574
0.00000430609035220186
0.00000437302431919306
0.00000426146762038115
0.00000441764688048352
0.00000430609020440897
0.00000464076049411233
0.00000412759957271192
0.00000457382651575244
0.00000446226979420317
0.00000426146762038115
0.00000448458110895444
0.00000430609015893424
0.00000477462850767552
0.00000446226969188501
0.00000457382642480297
0.00000448458105211103
0.00000443995838850242
0.00000461844912251763
0.00000443995826344690
0.00000459613779639767
0.00000428377899197585
0.00000423915629426119
0.00000417222222495184
0.00000457382649301508
0.00000455151506457696
0.00000414991092156924
0.00000430609023851503
0.00000457382656122718
0.00000450689244644309
0.00000412759956134323
0.00000448458107484839
0.00000417222224768921
0.00000457382642480297
0.00000459613785324109
0.00000495311937811493
0.00000435071293622968
0.00000432840156463499
0.00000452920386351252
0.00000428377901471322
0.00000448458099526761
0.00000457382648164639
0.00000443995835439637
0.00000441764716470061
0.00000448458119990391
0.00000497543070423490
0.00000435071285664890
0.00000432840154189762
0.00000439533556573224
0.00000473000600322848
0.00000448458105211103
0.00000423915619194304
0.00000430609035220186
0.00000464076060779917
0.00000430609032946450
0.00000457382644754034
0.00000414991083061977
0.00000423915621468041
0.00000468538335098856
0.00000486387398268562
0.00000417222219084579
0.00000426146757490642
0.00000446226970325370
0.00000464076046000628
0.00000452920384077515
0.00000437302438740517
0.00000428377899197585
0.00000428377903745059
0.00000435071303854784
0.00000441764701690772
0.00000450689241233704
0.00000435071304991652
0.00000432840158737235
0.00000450689250328651
0.00000437302443287990
0.00000419453351696575
0.00000450689223043810
0.00000468538322593304
0.00000443995847945189
0.00000450689251465519
0.00000457382639069692
0.00000430609037493923
0.00000437302431919306
0.00000446226958956686
0.00000448458113169181
0.00000423915629426119
0.00000497543079518437
0.00000448458107484839
0.00000426146767722457
0.00000457382644754034
0.00000452920357929543
0.00000443995846808321
0.00000450689238959967
0.00000468538305540278
0.00000455151506457696
0.00000446226973735975
0.00000455151509868301
0.00000437302423961228
0.00000446226979420317
0.00000430609026125239
0.00000457382644754034
0.00000450689240096835
0.00000448458114306050
0.00000446226979420317
0.00000419453363065259
0.00000435071298170442
0.00000426146763174984
0.00000421684480897966
0.00000448458112032313
0.00000448458115442918
0.00000461844917936105
0.00000443995844534584
0.00000421684486582308
0.00000428377903745059
0.00000426146751806300
0.00000452920380666910
0.00000448458110895444
0.00000446226977146580
0.00000437302442151122
0.00000466307175202019
0.00000466307174065150
0.00000446226977146580
0.00000419453332369812
0.00000443995836576505
0.00000430609024988371
0.00000448458114306049
0.00000437302442151122
0.00000426146758627510
0.00000466307200213123
0.00000455151516689511
0.00000421684494540386
0.00000818826493969027
0.00000464076060779917
0.00000421684494540386
0.00000428377888965770
0.00000448458098389892
0.00000408297673857305
0.00000448458107484839
0.00000428377877597086
0.00000423915631699856
0.00000412759944765639
0.00000459613778502899
0.00000423915610099357
0.00000412759934533824
0.00000477462863273104
0.00000455151511005170
0.00000464076033495076
0.00000430609040904528
