0.00000954925717451260
0.00001095487214115565
0.00001075406962627312
0.00001113336302296375
0.00000999548428808339
0.00000928152103369939
0.00000981699349722476
0.00001004010673568700
0.00001017397498799255
0.00001059789037753944
0.00000966081406659214
0.00000997317301880685
0.00001182501509902067
0.00000952694590523606
0.00000948232309383456
0.00000972774787442177
0.00000952694581428659
0.00001017397480609361
0.00000950463454501005
0.00000992855029835482
0.00001008472981993691
0.00000959388034971198
0.00000986161585387890
0.00000981699340627529
0.00000983930467555183
0.00000946001173360855
0.00000939307765293051
0.00000988392748695333
0.00001120029683079338
0.00000957156844378915
0.00000979468186415033
0.00000963850252446718
0.00000963850261541665
0.00000941538910410600
0.00000934845511437743
0.00000939307774387998
0.00000939307783482946
0.00000983930431175395
0.00000972774842011859
0.00000948232309383457
0.00000941538892220706
0.00000968312524491921
0.00000972774769252282
0.00000979468186415033
0.00000957156826189021
0.00000966081406659214
0.00000986161621767678
0.00000997317283690791
0.00001010704108921345
0.00000959387971306569
0.00000970543642324628
0.00000948232309383457
0.00000952694590523606
0.00000966081406659214
0.00000950463445406058
0.00000992855020740535
0.00000948232318478404
0.00000937076601985609
0.00000963850270636613
0.00000954925708356313
0.00001024090934151900
0.00000928152121559833
0.00000952694581428659
0.00000932614393605036
0.00000970543660514522
0.00000968312524491921
0.00000975005950749619
0.00000941538919505547
0.00000921458713492029
0.00000930383257582434
0.00000946001182455802
0.00000952694590523606
0.00000986161567197996
0.00000948232318478404
0.00000919227550184587
0.00000983930467555183
0.00001035246586980065
0.00001015166390061495
0.00000950463472690899
0.00000954925735641154
0.00000972774832916912
0.00000986161603577784
0.00000952694554143818
0.00000970543724179151
0.00000961619134614011
0.00000946001191550749
0.00000932614375415142
0.00000968312533586868
0.00000950463436311111
0.00000946001182455802
0.00000950463436311111
0.00000961619134614011
0.00000979468213699875
0.00000952694581428659
0.00000997317301880685
0.00000983930485745077
0.00001001779573925887
0.00000943770055528148
0.00000961619125519064
0.00000968312506302027
0.00000970543651419575
0.00000981699331532582
0.00000983930449365289
0.00000954925717451260
0.00000970543660514522
0.00000968312533586868
0.00000921458695302135
0.00000999548446998233
0.00000952694590523606
0.00000961619152803905
0.00000954925699261366
0.00000954925699261366
0.00000979468222794821
0.00000963850270636613
0.00001026322051984607
0.00000961619125519064
0.00000992855020740535
0.00000990623857433093
0.00001044171103785629
0.00000972774823821965
0.00000952694590523606
0.00000981699340627529
0.00000977237077677273
0.00000954925690166419
0.00000925920985537232
0.00000930383221202646
0.00000963850279731560
0.00000959388007686357
0.00000972774823821965
0.00000954925744736101
0.00001001779537546099
0.00000952694581428659
0.00000916996423256933
0.00000957156835283968
0.00000966081397564267
0.00000950463427216164
0.00000941538919505547
0.00000948232291193563
0.00000979468195509980
0.00000975005923464778
0.00000959387980401516
0.00000954925699261366
0.00001104411776395864
0.00000966081379374373
0.00000977237086772220
0.00000986161612672731
0.00000977237059487379
0.00000999548392428551
0.00000977237086772220
0.00000995086129478295
0.00000966081397564267
0.00000954925744736101
0.00000943770046433201
0.00000970543678704416
0.00000959387971306569
0.00000970543669609469
0.00000963850261541665
0.00000961619107329170
0.00000966081370279426
0.00000937076638365397
0.00000972774805632071
0.00000939307783482946
0.00000923689804039896
0.00000963850279731559
0.00000988392766885226
0.00000970543687799363
0.00000983930449365289
0.00000937076656555291
0.00000990623857433093
0.00001001779528451152
0.00001012935235849000
0.00000952694590523606
0.00000937076674745185
0.00000934845502342796
0.00000968312524491921
0.00000988392757790280
0.00001006241809591302
0.00000925920976442285
0.00001581874594194233
0.00000948232309383457
0.00000977237077677273
0.00000979468222794821
0.00000970543669609469
0.00000957156880758703
0.00000986161594482837
0.00000981699340627529
0.00000990623866528040
0.00000961619134614011
0.00000943770046433201
0.00000961619125519064
0.00000968312533586868
0.00001006241818686249
0.00000979468204604928
0.00000930383248487488
0.00000939307765293051
0.00000966081361184479
0.00000939307783482946
0.00000968312524491921
0.00000963850279731560
0.00001019628607537015
0.00000966081415754161
0.00000948232327573351
0.00000959387989496463
0.00000941538910410600
0.00000963850252446718
0.00000946001209740643
0.00000975005914369831
0.00000948232318478404
0.00000899147344171070
0.00000952694572333712
0.00000959388016781304
0.00000937076611080556
0.00000990623893812881
0.00000961619116424117
0.00001008472954708850
0.00000946001146076014
0.00000934845484152902
0.00000979468204604928
0.00000983930467555183
0.00000966081388469320
0.00000939307774387998
0.00000970543669609469
0.00000975005932559725
0.00000948232336668298
0.00000961619107329170
0.00000957156826189021
0.00000966081388469320
0.00000968312515396974
0.00000990623875622987
0.00000921458704397082
0.00000966081424849108
0.00000979468177320086
0.00000954925726546207
0.00000939307765293051
0.00000954925726546207
0.00000941538901315653
0.00000995086156763137
0.00001001779555735993
0.00000961619134614011
0.00000937076665650238
0.00000959387998591410
0.00000928152085180045
0.00000943770046433201
0.00000943770064623095
0.00000970543696894310
0.00000963850261541665
0.00000963850243351771
0.00000992855011645588
0.00000966081388469320
0.00000975005941654672
0.00000963850261541665
0.00000908071897356421
0.00000941538910410600
0.00000999548410618445
0.00000925920940062497
0.00000946001164265908
0.00000941538919505547
0.00000961619107329170
0.00000972774823821965
0.00001084331506717717
0.00000948232300288510
0.00000747430176488706
0.00000975005923464778
0.00000975005941654672
0.00000972774796537124
0.00000952694599618553
0.00000970543660514522
0.00000939307765293052
0.00001033015478242305
0.00000946001173360855
0.00000986161594482837
0.00000948232291193563
0.00001006241818686249
0.00000963850243351771
0.00000986161594482837
0.00000986161630862625
0.00000954925735641154
0.00000981699304247741
0.00000979468213699875
0.00000975005914369831
0.00000961619143708958
0.00000957156826189021
0.00000983930449365289
0.00001012935208564159
0.00000983930467555183
0.00000975005932559725
0.00000957156844378915
0.00000977237059487379
0.00000923689822229790
0.00000972774796537123
0.00001017397480609361
0.00000932614357225248
0.00000966081361184479
0.00000950463427216164
0.00000986161585387890
0.00000961619116424117
0.00000939307801672840
0.00000957156835283968
0.00000966081424849108
0.00000959387998591410
0.00000972774796537124
0.00001004010728138382
0.00000963850234256825
0.00000977237050392432
0.00000925920958252391
0.00001006241818686249
0.00000925920967347338
0.00000977237068582326
0.00000968312542681815
0.00001006241818686249
0.00000941538910410600
0.00000957156817094074
0.00000961619125519064
0.00000970543651419575
0.00000961619089139276
0.00000983930467555183
0.00000963850252446718
0.00000943770019148360
0.00000975005923464778
0.00001010704099826398
0.00000979468222794821
0.00000952694599618553
0.00000950463445406058
0.00000961619143708958
0.00000946001191550749
0.00000934845538722584
0.00000972774796537124
0.00000966081424849108
0.00000968312551776762
0.00000937076647460344
0.00000995086138573242
0.00000970543678704416
0.00000963850252446718
0.00000979468204604928
0.00001001779528451152
0.00001010704099826398
0.00000939307783482946
0.00000972774787442177
0.00001001779537546099
0.00000925920985537232
0.00000983930503934971
0.00000992854993455694
0.00001004010682663647
0.00000961619116424117
0.00000986161612672731
0.00000963850261541666
0.00000939307774387998
0.00000961619125519064
0.00000972774832916912
0.00000950463463595952
0.00001010704081636504
0.00000977237059487379
0.00000959387980401516
0.00000925920958252391
0.00000961619125519064
0.00000959387989496463
0.00001231586447829613
0.00000966081424849108
0.00000954925690166419
0.00000968312515396974
0.00000932614411794930
0.00000966081424849108
0.00000934845529627637
0.00000981699331532582
0.00000990623902907828
0.00001004010646283859
0.00000928152103369939
0.00000959387998591410
0.00000934845484152902
0.00000941538910410600
0.00001004010655378806
0.00000943770010053413
0.00000992854993455694
