0.00000713963152065844
0.00000854524646456412
0.00000771972671600452
0.00000787590606705635
0.00000745199037055500
0.00000754123574324694
0.00000722887691608776
0.00000776434939098181
0.00000742967906717240
0.00000709500884568115
0.00000767510390460302
0.00000749661312511307
0.00000680496133327324
0.00000731812233425444
0.00000789821731359552
0.00000776434933413839
0.00000693882955147274
0.00000758585861149186
0.00000785359467272428
0.00000769741523072298
0.00000722887696156249
0.00000751892448533908
0.00000785359469546165
0.00000731812230014839
0.00000785359478641112
0.00000738505643766985
0.00000747430190131126
0.00000734043369448045
0.00000738505632398301
0.00000747430176488706
0.00000780897205459041
0.00000736274498649436
0.00000834444440442894
0.00000756354718305374
0.00000783128343755379
0.00000769741529893508
0.00000713963160023923
0.00000682727268213057
0.00000760816981255630
0.00000789821746138841
0.00000763048129783783
0.00000718425418426705
0.00000749661315921912
0.00000747430178762443
0.00000751892439438961
0.00000754123574324694
0.00000836675568507417
0.00000756354721715979
0.00000803208541810818
0.00000664878192537799
0.00000794284004541623
0.00000702807499237679
0.00000687189536847654
0.00000722887684787565
0.00000754123576598431
0.00000765279265806384
0.00000740736783200191
0.00000794284007952228
0.00000751892451944514
0.00000720656554449306
0.00000769741526482903
0.00000771972670463583
0.00000789821751823183
0.00000760816988076840
0.00000774203800801843
0.00000720656558996779
0.00000734043364900572
0.00000787590602158161
0.00000778666067162703
0.00000758585855464844
0.00000696114084348665
0.00000769741537851587
0.00000749661310237570
0.00000729581099676580
0.00000771972665916110
0.00000711732018316980
0.00000763048122962573
0.00000751892446260172
0.00000774203805349316
0.00000702807479910916
0.00000749661306826965
0.00000829982177492639
0.00000787590607842503
0.00000821057628854760
0.00000765279265806384
0.00000700576351846394
0.00000738505628987696
0.00000725118829905114
0.00000742967905580372
0.00000729581105360921
0.00000807670822950968
0.00000678264991620381
0.00000722887701840591
0.00000774203804212448
0.00000783128326702354
0.00000807670812719152
0.00000800977411472559
0.00000796515138290488
0.00000776434932276970
0.00000736274508881252
0.00000760816990350577
0.00000716194291499050
0.00000720656558996779
0.00000823288760329888
0.00000783128350576590
0.00000722887699566854
0.00000765279251027096
0.00000747430185583653
0.00000729581101950316
0.00000727349954559031
0.00000747430179899311
0.00000729581086034159
0.00000758585849780502
0.00000682727267076189
0.00000760816980118761
0.00000747430183309916
0.00000816595360220163
0.00000742967905580372
0.00000729581101950316
0.00000756354719442243
0.00000774203792843764
0.00000738505648314458
0.00000758585845233029
0.00000734043372858650
0.00000763048127510046
0.00000740736782063323
0.00000765279255574569
0.00000809901951015490
0.00000767510392734039
0.00000731812248204733
0.00000756354709210427
0.00000689420669459651
0.00000758585858875449
0.00000756354714894769
0.00000780897206595910
0.00000774203793980632
0.00000805439689202103
0.00000756354711484164
0.00000751892443986435
0.00000751892443986435
0.00000691651806619120
0.00000763048133194388
0.00000800977417156901
0.00000729581103087185
0.00000796515131469278
0.00000718425428658520
0.00000725118835589456
0.00000718425421837310
0.00000771972661368636
0.00000711732020590716
0.00000774203805349316
0.00000725118831041982
0.00000771972655684294
0.00000729581103087185
0.00000789821730222684
0.00000725118837863192
0.00000738505640356379
0.00000722887696156249
0.00000783128341481643
0.00000702807475363443
0.00000825519902036831
0.00000747430176488706
0.00000756354710347296
0.00000780897200911568
0.00000760816994898050
0.00000760816986939972
0.00000794284025005254
0.00000809901952152359
0.00000763048117278231
0.00000749661312511307
0.00000990623884717934
0.00000731812239109786
0.00000780897210006515
0.00000805439682380893
0.00000736274506607515
0.00000754123582282773
0.00000787590610116240
0.00000727349963653978
0.00001247204399987822
0.00000747430182173048
0.00000749661307963834
0.00000727349967064583
0.00000705038612522912
0.00000749661317058781
0.00000716194292635919
0.00000734043376269256
0.00000789821735907026
0.00000749661307963834
0.00000742967903306635
0.00000780897210006515
0.00000767510402965854
0.00000756354714894769
0.00000740736771831507
0.00000734043373995519
0.00000729581104224053
0.00000722887695019381
0.00000720656563544253
0.00000760816984666235
0.00000747430179899311
0.00000760816976708156
0.00000740736769557770
0.00000832213305557161
0.00000707269749682382
0.00000742967913538450
0.00000718425425247915
0.00000807670822950968
0.00000785359468409297
0.00000783128339207906
0.00000807670821814099
0.00000738505659683142
0.00000807670817266626
0.00000807670821814099
0.00000774203798528106
0.00000758585865696659
0.00000778666062615230
0.00000742967910127845
0.00000758585866833528
0.00000778666062615230
0.00000776434936824444
0.00000711732028548795
0.00000783128343755379
0.00000789821737043894
0.00000803208557726975
0.00000707269754229856
0.00000798746282271168
0.00000794284019320912
0.00000756354725126585
0.00000729581098539711
0.00000774203796254369
0.00000745199035918631
0.00000754123577735299
0.00000780897215690857
0.00000841137846236961
0.00000747430191267995
0.00000787590607842503
0.00000727349960243373
0.00000778666071710177
0.00000803208549768897
0.00000858986931007166
0.00000736274499786305
0.00000749661320469386
0.00000778666070573308
0.00000740736775242112
0.00000803208553179502
0.00000734043376269256
0.00000740736767284034
0.00000818826497379632
0.00000705038617070386
0.00000765279244205885
0.00000789821743865105
0.00000758585867970396
0.00000751892450807645
0.00000814364226471298
0.00001028553161859236
0.00000754123590240852
0.00000963850259267929
0.00000787590602158161
0.00000747430179899311
0.00000716194284677840
0.00000742967904443503
0.00000809901965794779
0.00000684958411056868
0.00000825519900899963
0.00000716194297183392
0.00000767510388186565
0.00000792052882161443
0.00000760816991487445
0.00000734043378542992
0.00000765279258985174
0.00000731812239109786
0.00000832213298735951
0.00000680496124232377
0.00000740736759325955
0.00000787590611253108
0.00000776434940235049
0.00000720656549901832
0.00000789821745001973
0.00000756354719442243
0.00000765279256711437
0.00000763048117278231
0.00000747430170804364
0.00000713963155476449
0.00000765279252163964
0.00000776434935687576
0.00000800977420567506
0.00000778666071710177
0.00000845600113734690
0.00000745199049561052
0.00000767510376817882
0.00000800977421704374
0.00000803208545221423
0.00000720656561270516
0.00000729581107634658
0.00000778666066025835
0.00000812133090448697
0.00000711732022864453
0.00000725118819673298
0.00000758585862286054
0.00000727349952285294
0.00000774203816718000
0.00000841137839415751
0.00000769741533304114
0.00000751892443986435
0.00000812133096133039
0.00000787590599884425
0.00000765279247616490
0.00000874604862701745
0.00000821057622033550
0.00000713963156613318
0.00000778666063752098
0.00000778666075120782
0.00000749661305690097
0.00000789821754096920
0.00000825519907721173
0.00000767510393870907
0.00000749661312511307
0.00000740736778652717
0.00000800977417156901
0.00000763048125236310
0.00000785359475230507
0.00000825519896352489
0.00000787590603295030
0.00000771972667052978
0.00000794283999994150
0.00000769741525346035
0.00000756354712621032
0.00000742967913538450
0.00000687189542531996
0.00000742967903306635
0.00000785359474093639
0.00000774203796254369
0.00000794284011362834
0.00000734043351258151
0.00000727349962517110
0.00000827751028964485
0.00000742967916949056
0.00000749661320469386
0.00000740736772968376
0.00000727349975022662
0.00000836675571918022
0.00000774203798528106
0.00000769741538988455
0.00000796515139427356
0.00000809901954426095
0.00000805439677833420
0.00000740736771831507
0.00000789821746138841
0.00000765279265806384
0.00000749661312511307
0.00000774203799664974
0.00000729581095129106
0.00000798746285681773
0.00000774203806486184
0.00000785359461588087
0.00000771972659094899
0.00000796515148522303
0.00001191426015338948
0.00000705038627302201
0.00000705038615933518
0.00000796515136016751
0.00000738505655135668
0.00000716194290362182
0.00000785359471819902
0.00000756354720579111
0.00000760816984666235
0.00000785359478641112
0.00000765279251027096
0.00000780897206595910
0.00000865680326569418
0.00000751892459902592
0.00000749661312511307
0.00000760816992624314
0.00000754123576598431
