0.00000461844929304789
0.00000475231681775767
0.00000502005332236877
0.00000499774205309222
0.00000437302433056175
0.00000493080815431313
0.00000430609052273212
0.00000435071297033573
0.00000441764686911483
0.00000499774223499116
0.00000432840151916025
0.00000464076047137496
0.00000443995804744190
0.00000437302451246069
0.00000475231727250502
0.00000446226986241527
0.00000441764686911483
0.00000430609006798477
0.00000452920367024490
0.00000441764723291271
0.00000468538328277646
0.00000481925135318306
0.00000417222208852763
0.00000446226958956686
0.00000441764696006430
0.00000443995822934085
0.00000448458113169181
0.00000455151530331932
0.00000461844938399736
0.00000506467586092185
0.00000439533569078776
0.00000473000573038007
0.00000439533569078776
0.00000430609015893424
0.00000439533587268670
0.00000455151530331932
0.00000432840142821078
0.00000428377907155664
0.00000428377879870823
0.00000426146752943168
0.00000461844929304789
0.00000457382629974745
0.00000446226995336474
0.00000443995832029032
0.00000448458104074234
0.00000493080788146471
0.00000426146771133062
0.00000435071306128520
0.00000455151530331932
0.00000464076065327390
0.00000428377898060717
0.00000432840142821078
0.00000423915644205408
0.00000497543087476515
0.00000421684471803019
0.00000435071297033573
0.00000423915626015514
0.00000488618525196216
0.00000430608997703530
0.00000457382657259586
0.00000426146762038115
0.00000477462863273104
0.00000446226968051633
0.00000488618516101269
0.00000437302414866281
0.00000459613775092293
0.00000446226977146580
0.00000486387416458456
0.00000448458076789393
0.00000470769464300247
0.00000439533569078776
0.00000421684517277754
0.00000443995832029032
0.00000437302423961228
0.00000417222236137604
0.00000423915635110461
0.00000421684489992913
0.00000430609024988371
0.00000452920357929543
0.00000437302433056175
0.00000455151493952144
0.00000459613738712505
0.00000446226968051633
0.00000443995804744191
0.00000593481890973635
0.00000443995813839138
0.00000466307192255044
0.00000571170521652675
0.00000439533578173723
0.00000446226986241527
0.00000410528809879906
0.00000470769473395194
0.00000468538291897858
0.00000470769464300247
0.00000477462890557945
0.00000417222190662869
0.00000443995832029031
0.00000443995850218926
0.00000468538291897858
0.00000423915626015514
0.00000437302460341016
0.00000437302423961228
0.00000466307183160097
0.00000446226986241527
0.00000477462835988263
0.00000490849652123870
0.00000446226986241527
0.00000457382657259586
0.00000446226958956686
0.00000470769437015406
0.00000464076047137496
0.00000417222190662869
0.00000443995859313872
0.00000443995850218926
0.00000441764650531695
0.00000450689231001888
0.00000441764714196324
0.00000437302433056175
0.00000432840161010972
0.00000423915644205408
0.00000419453363065258
0.00000452920348834596
0.00000488618570670951
0.00000423915616920567
0.00000443995813839138
0.00000452920394309331
0.00000439533587268670
0.00000430609034083318
0.00000435071251558838
0.00000486387398268562
0.00000428377879870823
0.00000437302451246069
0.00000428377907155664
0.00000421684480897966
0.00000457382639069692
0.00000446226968051633
0.00000464076074422337
0.00000461844947494683
0.00000419453372160205
0.00000448458094979287
0.00000446226977146580
0.00000426146752943168
0.00000450689231001888
0.00000426146762038115
0.00000473000600322848
0.00000446226986241527
0.00000457382648164639
0.00000473000600322848
0.00000432840161010972
0.00000426146752943168
0.00000426146743848221
0.00000417222227042657
0.00000432840142821078
0.00000430609024988371
0.00000452920339739649
0.00000475231709060608
0.00000464076065327390
0.00000470769427920459
0.00000435071278843679
0.00000479693999295705
0.00000437302433056175
0.00000443995832029031
0.00000457382675449480
0.00000457382657259586
0.00000414991100115003
0.00000477462863273104
0.00000426146771133062
0.00000437302414866281
0.00000421684471803019
0.00000419453353970311
0.00000459613802377134
0.00000428377898060717
0.00000428377898060717
0.00000591250736761140
0.00000432840170105919
0.00000430609043178265
0.00000441764732386218
0.00000448458131359075
0.00000950463427216164
0.00000412759945902508
0.00000455151512142038
0.00000475231718155555
0.00000430609034083318
0.00000426146771133062
0.00000479694008390652
0.00000484156280435854
0.00000417222236137604
0.00000435071297033573
0.00000428377898060717
0.00000464076038042549
0.00000441764696006430
0.00000468538319182699
0.00000450689231001888
0.00000448458104074234
0.00000459613802377134
0.00000439533587268670
0.00000426146762038115
0.00000459613793282187
0.00000437302442151122
0.00000439533559983829
0.00000479693990200758
0.00000419453344875364
0.00000464076028947602
0.00000428377925345558
0.00000439533578173723
0.00000448458122264128
0.00000466307201349991
0.00000443995850218926
0.00000457382639069692
0.00000430609015893424
0.00000426146743848221
0.00000468538346467539
0.00000430609024988371
0.00000443995841123978
0.00000426146725658327
0.00000430609052273212
0.00000466307183160097
0.00000455151521236985
0.00000448458085884340
0.00000450689231001888
0.00000426146743848221
0.00000437302442151122
0.00000421684489992913
0.00000441764714196324
0.00000455151521236985
0.00000430609024988371
0.00000457382639069692
0.00000466307210444938
0.00000419453335780417
0.00000448458122264128
0.00000439533559983829
0.00000421684471803019
0.00000439533550888882
0.00000426146771133062
0.00000414991091020056
0.00000441764705101377
0.00000421684471803019
0.00000457382639069692
0.00000437302423961228
0.00000423915607825620
0.00000466307174065150
0.00000430609052273212
0.00000428377861680929
0.00000426146762038115
0.00000459613747807452
0.00000439533596363617
0.00000417222217947710
0.00000443995841123978
0.00000432840161010972
0.00000450689221906941
0.00000419453363065258
0.00000450689212811994
0.00000437302442151122
0.00000419453353970311
0.00000437302442151122
0.00000452920376119437
0.00000417222208852763
0.00000430609024988371
0.00000439533569078776
0.00000600175271756598
0.00000432840142821078
0.00000448458104074234
0.00000441764677816536
0.00000435071297033573
0.00000435071306128520
0.00000448458122264128
0.00000430608997703530
0.00000459613765997346
0.00000464076047137496
0.00000459613784187240
0.00000461844920209842
0.00000450689240096835
0.00000412759954997455
0.00000461844929304789
0.00000468538310087752
0.00000419453353970311
0.00000439533559983829
0.00000437302442151122
0.00000450689231001888
0.00000432840142821078
0.00000470769464300247
0.00000421684462708072
0.00000423915626015514
0.00000439533559983829
0.00000421684480897966
0.00000464076065327390
0.00000502005332236877
0.00000459613784187240
0.00000432840170105919
0.00000417222245232551
0.00000455151512142038
0.00000426146743848221
0.00000448458076789393
0.00000464076028947602
0.00000443995822934085
0.00000443995832029031
0.00000421684480897966
0.00000468538310087751
0.00000432840151916025
0.00000430609024988371
0.00000493080824526260
0.00000428377879870823
0.00000452920376119436
0.00000430609024988371
0.00000468538328277646
0.00000426146762038115
0.00000446226958956686
0.00000450689240096835
0.00000452920367024490
0.00000423915626015514
0.00000448458122264128
0.00000486387416458456
0.00000423915589635726
0.00000419453335780417
0.00000428377898060717
0.00000441764714196324
0.00000430608997703530
0.00000426146752943168
0.00000432840161010972
0.00000430609024988371
0.00000423915626015514
0.00000466307183160097
0.00000468538310087752
0.00000577863911530585
0.00000439533550888882
0.00000412759936807561
0.00000435071297033573
0.00000421684489992913
0.00000435071315223467
0.00000430609034083318
0.00000470769464300247
0.00000426146752943168
0.00000455151539426879
0.00000468538328277646
0.00000432840170105919
0.00000466307192255044
0.00000417222227042657
0.00000457382657259586
0.00000428377898060717
0.00000466307201349991
0.00000493080769956578
0.00000446226995336474
0.00000439533587268670
0.00000470769464300247
0.00000430609043178265
0.00000428377907155664
0.00000502005368616665
0.00000481925153508200
0.00000435071287938626
0.00000464076065327390
0.00000457382657259586
0.00000479694026580546
0.00000446226958956686
0.00000466307174065150
0.00000426146743848221
0.00000430609043178265
0.00000805439685791498
0.00000417222227042657
0.00000426146771133062
0.00000481925144413253
0.00000417222217947710
0.00000430609015893424
0.00000448458094979287
0.00000410528828069800
0.00000448458122264128
0.00000455151512142038
0.00000417222199757816
0.00000439533541793935
0.00000473000591227901
0.00000439533550888882
0.00000481925126223359
0.00000443995850218926
0.00000452920385214384
