0.00000459613793282187
0.00000488618561576004
0.00000475231736345449
0.00000452920385214384
0.00000432840161010972
0.00000486387380078668
0.00000448458131359075
0.00000455151521236985
0.00000430609043178265
0.00000441764686911483
0.00000464076065327390
0.00000484156244056066
0.00000459613793282187
0.00000417222217947710
0.00000488618561576004
0.00000457382657259586
0.00000473000573038007
0.00000435071306128520
0.00000450689258286729
0.00000432840188295813
0.00000468538328277645
0.00000448458104074234
0.00000441764705101377
0.00000430609006798477
0.00000470769455205300
0.00000457382639069692
0.00000423915607825620
0.00000435071306128520
0.00000417222254327498
0.00000437302433056175
0.00000446226949861739
0.00000432840179200866
0.00000466307201349991
0.00000421684526372701
0.00000421684517277754
0.00000412759973187349
0.00000426146762038115
0.00000426146752943168
0.00000426146780228009
0.00000430609043178265
0.00000435071306128520
0.00000466307201349991
0.00000419453344875364
0.00000461844929304789
0.00000439533569078776
0.00000446226968051633
0.00000437302442151122
0.00000417222199757816
0.00000457382657259586
0.00000430609024988371
0.00000428377898060717
0.00000432840161010972
0.00000452920367024490
0.00000423915626015514
0.00000412759945902507
0.00000435071297033573
0.00000473000627607689
0.00000428377888965770
0.00000426146734753274
0.00000435071287938627
0.00000414991081925109
0.00000461844920209842
0.00000446226940766792
0.00000481925144413253
0.00000435071297033573
0.00000448458122264128
0.00000441764668721589
0.00000448458104074234
0.00000423915616920567
0.00000446226968051633
0.00000446226986241527
0.00000439533587268670
0.00000475231736345449
0.00000448458122264128
0.00000430609024988371
0.00000426146752943168
0.00000470769455205300
0.00000437302423961228
0.00000510929876327282
0.00000432840161010972
0.00000435071297033573
0.00000461844929304789
0.00000417222227042657
0.00000477462854178157
0.00000457382657259586
0.00000414991054640268
0.00000435071287938627
0.00000466307192255044
0.00000423915616920567
0.00000481925135318306
0.00000412759936807561
0.00000430609052273212
0.00000450689240096835
0.00000439533569078776
0.00000439533569078776
0.00000459613765997347
0.00000441764714196324
0.00000452920394309331
0.00000448458122264128
0.00000446226968051633
0.00000466307201349991
0.00000455151521236985
0.00000452920357929542
0.00000470769427920459
0.00000457382657259586
0.00000443995841123978
0.00000423915653300355
0.00000421684499087860
0.00000437302414866281
0.00000419453344875364
0.00000435071287938626
0.00000423915607825620
0.00000452920357929543
0.00000464076056232443
0.00000432840161010972
0.00000446226977146580
0.00000481925126223359
0.00000423915635110461
0.00000426146798417903
0.00000457382675449480
0.00000466307201349991
0.00000430609015893424
0.00000459613784187240
0.00000426146771133062
0.00000452920367024490
0.00000441764714196324
0.00000417222217947710
0.00000423915626015514
0.00000443995841123978
0.00000499774196214275
0.00000481925153508200
0.00000479693981105811
0.00000568939367440180
0.00000428377861680928
0.00000423915598730673
0.00000446226977146580
0.00000455151503047091
0.00000417222208852763
0.00000421684480897966
0.00000441764705101377
0.00000417222236137604
0.00000423915626015514
0.00000432840133726131
0.00000441764686911483
0.00000466307183160097
0.00000441764723291271
0.00000443995841123979
0.00000441764705101377
0.00000499774205309222
0.00000426146752943168
0.00000432840179200866
0.00000443995832029031
0.00000495311942358967
0.00000426146752943168
0.00000452920357929543
0.00000457382629974745
0.00000421684499087860
0.00000450689221906941
0.00000466307219539885
0.00000464076074422337
0.00000428377888965770
0.00000461844920209842
0.00000437302442151122
0.00000419453344875364
0.00000426146734753274
0.00000464076056232443
0.00000435071278843679
0.00000426146734753274
0.00000477462854178157
0.00000437302423961228
0.00000459613775092294
0.00000430608988608583
0.00000435071297033573
0.00000423915616920567
0.00000439533569078776
0.00000443995841123979
0.00000457382639069692
0.00000450689212811994
0.00000954925708356313
0.00000435071306128520
0.00000450689212811994
0.00000419453335780418
0.00000423915635110461
0.00000430609034083318
0.00000419453353970311
0.00000446226940766792
0.00000441764714196324
0.00000443995850218925
0.00000437302423961228
0.00000439533587268670
0.00000490849679408711
0.00000477462854178157
0.00000419453335780417
0.00000432840170105919
0.00000450689267381676
0.00000452920357929542
0.00000417222227042657
0.00000430609015893424
0.00000484156262245960
0.00000432840161010972
0.00000441764686911483
0.00000452920403404278
0.00000450689249191782
0.00000408297701142146
0.00000417222199757816
0.00000441764705101377
0.00000432840170105919
0.00000430609034083318
0.00000441764696006430
0.00000421684499087860
0.00000406066537834704
0.00000448458131359075
0.00000448458104074234
0.00000457382629974745
0.00000419453335780417
0.00000439533587268670
0.00000435071269748732
0.00000443995832029031
0.00000441764723291271
0.00000466307201349991
0.00000426146762038115
0.00000419453372160205
0.00000430609043178265
0.00000437302451246069
0.00000410528828069800
0.00000439533578173723
0.00000428377888965770
0.00000446226949861739
0.00000446226968051633
0.00000473000573038007
0.00000459613811472082
0.00000432840179200866
0.00000423915644205408
0.00000457382657259586
0.00000488618561576004
0.00000421684508182807
0.00000430609034083318
0.00000428377888965770
0.00000452920376119437
0.00000410528809879906
0.00000437302405771334
0.00000414991045545321
0.00000490849688503658
0.00000419453363065258
0.00000446226949861739
0.00000437302442151122
0.00000441764723291271
0.00000428377861680928
0.00000430609052273212
0.00000452920394309331
0.00000466307174065150
0.00000430609015893424
0.00000423915635110461
0.00000437302442151122
0.00000441764696006430
0.00000457382666354533
0.00000426146780228009
0.00000443995832029032
0.00000428377898060717
0.00000450689240096835
0.00000430609034083318
0.00000368137252735323
0.00000439533541793935
0.00000428377888965770
0.00000464076065327390
0.00000439533550888882
0.00000457382620879798
0.00000459613775092293
0.00000428377907155663
0.00000488618543386110
0.00000473000582132954
0.00000450689267381676
0.00000459613775092293
0.00000437302460341016
0.00000435071297033573
0.00000421684462708072
0.00000443995850218926
0.00000410528818974853
0.00000439533559983829
0.00000430609024988371
0.00000426146752943168
0.00000432840142821078
0.00000432840170105919
0.00000435071297033573
0.00000446226958956686
0.00000452920376119437
0.00000435071315223468
0.00000441764686911483
0.00000459613802377134
0.00000426146780228009
0.00000437302414866281
0.00000435071297033573
0.00000450689249191782
0.00000443995859313872
0.00000430609034083318
0.00000428377907155663
0.00000406066556024598
0.00000423915607825620
0.00000417222208852763
0.00000446226977146580
0.00000432840151916025
0.00000421684480897966
0.00000439533587268670
0.00000443995832029031
0.00000435071324318414
0.00000486387407363509
0.00000414991100115003
0.00000452920357929543
0.00000437302451246069
0.00000435071297033573
0.00000439533550888882
0.00000432840161010972
0.00000479694017485599
0.00000457382666354533
0.00000448458094979287
0.00000430608997703530
0.00000437302423961228
0.00000419453372160205
0.00000439533578173723
0.00000410528818974853
0.00000452920330644702
0.00000452920403404278
0.00000426146762038115
0.00000423915644205408
0.00000446226977146580
0.00000439533578173723
0.00000488618534291163
0.00000435071278843679
0.00000464076038042549
0.00000459613765997346
0.00000443995859313873
0.00000455151521236985
0.00000461844938399736
0.00000414991100115003
0.00000426146762038115
0.00000426146743848221
0.00000435071315223467
0.00000432840124631184
0.00000484156271340908
0.00000419453344875364
0.00000423915616920567
0.00000423915644205408
0.00000432840133726131
0.00000441764650531695
0.00000457382657259586
0.00000437302414866281
0.00000443995832029031
0.00000457382648164639
0.00000450689203717047
0.00000479694008390652
0.00000446227004431421
0.00000417222236137604
0.00000473000591227901
0.00000423915626015514
0.00000439533569078776
0.00000419453363065258
0.00000843368979985826
0.00000423915607825620
0.00000435071287938626
0.00000450689249191782
0.00000421684471803019
0.00000432840142821078
0.00000452920385214384
0.00000421684489992913
0.00000486387416458456
0.00000435071315223467
0.00000484156280435854
0.00000428377888965770
0.00000426146771133062
0.00000459613802377134
0.00000452920394309331
0.00000423915607825620
0.00000461844902019948
