0.00000758585852580761
0.00000771972662450826
0.00001164652397246668
0.00000823288764527086
0.00000707269751521189
0.00000751892448810076
0.00000751892449556424
0.00000716194289654970
0.00000713963156902531
0.00000778666066549860
0.00000711732020748368
0.00000709500886846293
0.00000814364224438480
0.00000749661313617089
0.00000756354718427499
0.00000727349964191326
0.00000796515145706778
0.00000783128336239169
0.00000778666067745570
0.00000727349964900759
0.00000818826493903524
0.00000727349964925184
0.00000698345212618579
0.00000700576347184567
0.00000751892448171976
0.00000798746279384588
0.00000754123583459609
0.00000796515145815579
0.00000722887694906138
0.00000667109323755355
0.00000756354719126939
0.00000760816987643853
0.00000805439684647968
0.00000769741527255618
0.00000736274505581669
0.00000771972662496623
0.00000814364225005804
0.00000705038616197751
0.00000729581099563337
0.00000803208549382539
0.00000805439684812281
0.00000734043368968429
0.00000745199043394873
0.00000763048123142429
0.00000696114076110810
0.00000736274504218315
0.00000722887695294716
0.00000796515145684573
0.00000738505639898968
0.00000780897201706487
0.00000829982168459864
0.00000800977415553739
0.00000792052877609528
0.00000767510392605253
0.00000709500886171277
0.00000863449192078924
0.00000722887695436825
0.00000731812233110141
0.00000785359472783576
0.00000763048121319443
0.00000794284010856572
0.00000729581099099264
0.00000832213303798568
0.00000800977415895687
0.00000740736773812145
0.00000742967908626824
0.00000736274504360424
0.00000727349966544999
0.00000787590607314037
0.00000771972663065057
0.00000774203796933825
0.00000780897202181663
0.00000709500886668657
0.00000850062383204175
0.00000734043370598236
0.00000745199044400735
0.00000774203798061812
0.00000754123583615041
0.00000711732021341227
0.00000722887695463470
0.00000696114077722854
0.00000794284011673696
0.00000832213303159079
0.00000722887695490115
0.00000734043370078652
0.00000734043370256288
0.00000805439684810061
0.00000687189536936472
0.00000780897201968500
0.00000785359470674152
0.00000693882941873447
0.00000713963155138941
0.00000774203796876094
0.00000816595359713901
0.00000780897200609587
0.00000783128335823946
0.00000776434931148984
0.00000796515146843646
0.00000785359470842906
0.00000803208551376500
0.00000754123584014721
0.00000742967909461711
0.00000754123583526223
0.00000854524652345035
0.00000738505639015230
0.00000698345211302964
0.00000785359471935365
0.00000687189537575961
0.00000709500885482939
0.00000803208549902124
0.00000816595360007000
0.00000742967908600178
0.00000720656560115884
0.00000847831247137165
0.00000725118831850224
0.00000742967908839987
0.00000705038616981568
0.00000763048121967813
0.00000803208550328449
0.00000789821741511432
0.00000736274503809753
0.00000754123583899258
0.00000751892447921065
0.00000680496133460551
0.00000760816986673518
0.00000709500886166836
0.00000767510392813975
0.00000767510392831738
0.00000836675573685497
0.00000776434932561187
0.00000747430178105191
0.00000763048124126087
0.00000789821742044339
0.00000751892448445091
0.00000803208550186341
0.00000774203797240247
0.00000769741527424372
0.00000827751033813939
0.00000774203796769513
0.00000763048124126087
0.00000778666068059763
0.00000756354718252084
0.00000745199044294154
0.00000919227562681257
0.00000827751033938284
0.00000727349964568802
0.00000738505639183984
0.00000669340460159873
0.00000722887695170371
0.00000736274504253842
0.00000765279258549967
0.00000738505640027753
0.00000734043370220760
0.00000783128336783179
0.00000812133089214129
0.00000785359472263991
0.00000765279258798657
0.00000756354717852403
0.00000716194290912853
0.00000818826494626279
0.00000765279257857188
0.00000749661313186323
0.00000736274504067325
0.00000740736774522688
0.00000731812234695539
0.00000754123583623922
0.00000720656560160293
0.00000729581100769039
0.00000765279257368689
0.00000754123583508459
0.00000745199044018818
0.00000736274504964385
0.00000751892448604963
0.00000687189537265098
0.00000702807481607337
0.00000767510393249182
0.00000843368978085124
0.00000798746281374107
0.00001302982760362781
0.00000754123582922261
0.00000709500885323067
0.00000718425425532132
0.00000738505639219511
0.00000742967910118963
0.00000734043369829962
0.00000941538911538586
0.00000881298270503095
0.00000742967909195258
0.00000725118829967286
0.00000760816987792623
0.00000727349964781965
0.00000711732020697298
0.00000709500886237890
0.00000774203796485295
0.00000858986922072091
0.00000807670820019979
0.00000702807481935963
0.00000776434932348025
0.00000736274503996270
0.00000709500885758274
0.00000736274503463363
0.00000696114077474164
0.00000722887695268071
0.00000705038616430898
0.00000763048123708643
0.00000754123582815680
0.00000751892449315505
0.00000702807481403056
0.00000771972662274578
0.00000680496131693076
0.00000787590606794453
0.00000725118830793292
0.00000745199044871470
0.00000756354718518537
0.00000812133090164480
0.00000738505638739895
0.00000780897200964859
0.00000749661313292904
0.00000738505639006348
0.00000734043368790793
0.00000725118830153804
0.00000693882942233159
0.00000740736774389461
0.00000807670819380490
0.00000778666066576506
0.00000776434931868408
0.00000756354717896812
0.00000740736774353934
0.00000725118830402494
0.00000687189538179922
0.00000711732021407840
0.00000767510392396531
0.00000745199044089873
0.00000812133089418410
0.00000767510393089310
0.00000747430179153241
0.00000718425424999225
0.00000783128338035510
0.00000776434932934222
0.00000731812234509022
0.00000736274504529177
0.00000716194290451000
0.00000760816987241952
0.00000713963156311337
0.00000729581099054855
0.00000720656560808663
0.00000807670820215378
0.00000711732022455891
0.00000763048123708643
0.00000682727267378169
0.00000771972662931830
0.00000754123584592037
0.00000729581099800924
0.00000787590606314836
0.00000727349965483626
0.00000682727266809735
0.00000780897201426711
0.00000722887695072671
0.00000894685079817492
0.00000776434933307257
0.00000745199045368850
0.00000664878190246299
0.00000716194290628636
0.00000807670820179851
0.00000738505638757658
0.00000740736774034190
0.00000771972661723908
0.00000763048122127685
0.00000794284011345070
0.00000742967909648229
0.00000729581099392362
0.00000787590606972088
0.00000713963156329100
0.00000754123582584754
0.00000742967909275194
0.00000740736774407225
0.00000800977415238435
0.00000879067135528544
0.00000765279256818019
0.00000716194291303651
0.00000789821742586128
0.00000700576346392978
0.00000751892447254931
0.00000769741526820411
0.00000968312530531534
0.00000749661314340955
0.00000725118830082749
0.00000751892448924707
0.00000796515145520260
0.00000736274504529177
0.00000763048123388898
0.00000776434932223680
0.00000742967909133085
0.00000738505639859000
0.00000749661313061978
0.00000680496132403619
0.00000725118830029459
0.00000760816988449875
0.00000807670820286433
0.00000740736773945372
0.00000651491380025959
0.00000680496133096398
0.00000671571593979792
0.00000722887695356889
0.00000769741527655299
0.00000720656560684318
0.00000754123582886734
0.00000734043369927662
0.00000731812233620843
0.00000693882942393031
0.00000805439685453990
0.00000722887694006857
0.00000780897202474762
0.00000707269752346917
0.00000785359471517921
0.00000758585854807592
0.00000756354718092211
0.00000711732020874933
0.00000756354718998153
0.00000774203797995199
0.00000805439686129006
0.00000767510392432058
0.00000756354719637642
0.00000787590605817457
0.00000818826495354585
0.00000705038616715115
0.00000709500885864855
0.00000805439685755971
0.00000754123582993316
0.00000763048122482957
0.00000745199043965528
0.00000776434933094094
0.00000794284011131907
0.00000776434932756587
0.00000796515145395915
0.00000881298270716258
0.00000729581099996324
0.00000769741527086864
0.00000771972661883780
0.00000792052876583682
0.00000742967908831105
0.00000843368978067360
0.00000758585852747018
0.00000749661314483063
0.00000751892448800362
0.00000731812236303142
0.00000736274504102852
0.00000725118829745242
0.00000707269752240336
0.00000718425426775582
0.00000769741527015810
0.00000747430178886787
0.00000763048123957333
0.00000771972662043652
0.00000731812234828766
0.00000736274504049561
0.00001247204387890832
0.00000742967908813341
0.00000863449191719212
0.00000771972663144993
0.00000771972661492981
0.00000736274503569945
0.00000796515144383392
0.00000731812235112983
0.00000760816987792623
0.00000736274504582468
0.00000767510393728799
0.00000702807481403056
0.00000729581100955556
0.00000747430178158481
0.00000673802728705653
0.00000751892448818126
0.00000696114076923493
