0.00004462269725282254
0.00003389093855756254
0.00003337777754185978
0.00003362320238233796
0.00003020956603760616
0.00002936173478483017
0.00003194985122502158
0.00003145900156490411
0.00002933942343441576
0.00002791149711645069
0.00002920555534576819
0.00003471645846367943
0.00002880395106290567
0.00002869239433306303
0.00002945098018521941
0.00002869239432808923
0.00002840234679424292
0.00002875932836486905
0.00002840234679996056
0.00002920555534626779
0.00002846928084981881
0.00003032112277411292
0.00002853621488810853
0.00002858083757943941
0.00002786687442724034
0.00002820154466225411
0.00002817923331444039
0.00002820154467313429
0.00002904937589607304
0.00003005338659280987
0.00002882626242686204
0.00002949560287877073
0.00002820154465643654
0.00002779994038670797
0.00002938404614125645
0.00002833541276343610
0.00002688517509503718
0.00002826847870098792
0.00002864777163038568
0.00002755451554150579
0.00002904937590801904
0.00002887088511434044
0.00002869239432004012
0.00002942866882489348
0.00002875932837895778
0.00002965178231759680
0.00002777762904082604
0.00002748758150747932
0.00002806767657403952
0.00002860314892783045
0.00002849159218212272
0.00002793380848786775
0.00002777762904071501
0.00002811229926655834
0.00002786687443765423
0.00002851390352871519
0.00002916093264770936
0.00002791149712688679
0.00002880395107571765
0.00002838003544671786
0.00002860314893795568
0.00002896013050452950
0.00002855852624232824
0.00002998645254459475
0.00002869239433294091
0.00002983027310747843
0.00002880395106896749
0.00002913862130538014
0.00002875932837125283
0.00002864777163700260
0.00002869239433826998
0.00002858083758936480
0.00003190522852780653
0.00002896013051558732
0.00002978565042410786
0.00002764376094126497
0.00002793380847263549
0.00002831310140591903
0.00002931711208793431
0.00002911630995261483
0.00002925017804242813
0.00002916093265827868
0.00002922786669370403
0.00002880395106856781
0.00002929480074502777
0.00002900475320752882
0.00002719753397850688
0.00002945098018902748
0.00002962947097988611
0.00002844696950039527
0.00002864777162776555
0.00002813461061039746
0.00002902706456495707
0.00002951791423164707
0.00002882626241866859
0.00002858083759162966
0.00002806767656036157
0.00002831310139690402
0.00002842465813195361
0.00002759913825505222
0.00002831310140338772
0.00002824616736081254
0.00002844696949324543
0.00002800074253030971
0.00002904937590040291
0.00002862546028694624
0.00002802305387188397
0.00002985258446708272
0.00002871470567491485
0.00002916093265072917
0.00002947329153819567
0.00002875932837014261
0.00002936173479239912
0.00002779994038224487
0.00002900475320934959
0.00002898244186892995
0.00002962947097255864
0.00002824616735797036
0.00002719753397029123
0.00002820154466709468
0.00003058885895548258
0.00002815692196067587
0.00002753220420244063
0.00002971871637384993
0.00002811229926820147
0.00002860314893080584
0.00002958484827431107
0.00002728677936172375
0.00002784456307773908
0.00002896013051643109
0.00002871470567322731
0.00002840234679890585
0.00002791149712519925
0.00002929480073774471
0.00002728677936785218
0.00002947329153677458
0.00002804536521860967
0.00002797843118536036
0.00002808998791108408
0.00002822385601213284
0.00002726446801153415
0.00002797843116804089
0.00002947329153624167
0.00002822385600742550
0.00002710828857575009
0.00002884857376619365
0.00002846928084307976
0.00002853621488752012
0.00002925017804882302
0.00002945098017264058
0.00002871470568388546
0.00002884857376939109
0.00002855852623877553
0.00002784456307329819
0.00002835772410652026
0.00002869239432339299
0.00002788918578566779
0.00002851390353226790
0.00002858083758372487
0.00002913862129778622
0.00002862546028801205
0.00002853621489888880
0.00002864777163678056
0.00002846928083428679
0.00002860314894190807
0.00002822385600707022
0.00002831310139557175
0.00002920555535528280
0.00002764376093438159
0.00002896013051030266
0.00002893781917370220
0.00002820154466247615
0.00002822385601843891
0.00002858083758772167
0.00002875932836987616
0.00002782225171982233
0.00002945098018889425
0.00002893781916810667
0.00002867008297533502
0.00002933942343146256
0.00002869239432747861
0.00002940635748691633
0.00002893781916482041
0.00002826847870496252
0.00002893781915993543
0.00002786687443503411
0.00002831310141466759
0.00002793380848293836
0.00002887088512570912
0.00002779994037878097
0.00002851390354834393
0.00002913862130053957
0.00002902706456211490
0.00002862546027984081
0.00002692979779190807
0.00002853621490004343
0.00002925017804180641
0.00002666206160526485
0.00002840234679322151
0.00002913862130746736
0.00002853621488263514
0.00002811229926056313
0.00002840234679215570
0.00002902706456904269
0.00002750989285296157
0.00002842465813799322
0.00002849159219469044
0.00002806767656835518
0.00002802305386442328
0.00002954022557695168
0.00002878163971704595
0.00002742064744936101
0.00002737602475395562
0.00002896013051021384
0.00002804536522340584
0.00002945098018134473
0.00002826847869901172
0.00002862546028037372
0.00002800074251769758
0.00002891550781001229
0.00002933942343670282
0.00002858083758603413
0.00002829079005852719
0.00002806767656942100
0.00002782225172364150
0.00002726446801570859
0.00002800074252569118
0.00002871470567225032
0.00002849159219362463
0.00002775531768115513
0.00002938404613761492
0.00002771069499534207
0.00002936173477685600
0.00002967409367258256
0.00002851390354088324
0.00002838003546123957
0.00002846928083517497
0.00002804536521683332
0.00002788918578033872
0.00002858083758852104
0.00002831310140205545
0.00002842465814385520
0.00002860314893240457
0.00002820154465847935
0.00002753220420323998
0.00002889319647749744
0.00002739833610938547
0.00002918324400305039
0.00002873701702270637
0.00002838003545022616
0.00002824616735246366
0.00002826847871233440
0.00002800074252089502
0.00002746527015684563
0.00002849159219202590
0.00002958484827946250
0.00002782225173412200
0.00002878163972415138
0.00002797843117487986
0.00002817923329629934
0.00002922786670520594
0.00002646125946998978
0.00002951791423111416
0.00002858083757431018
0.00002983027311191932
0.00003005338660049261
0.00002867008298679252
0.00002858083758354724
0.00002871470568255319
0.00002864777163331667
0.00002880395106465983
0.00002775531768879347
0.00002838003543903511
0.00002860314894803651
0.00002933942344327534
0.00002902706455909509
0.00002889319646985911
0.00002717522262170036
0.00002846928085418199
0.00002978565041438230
0.00002793380848498117
0.00002960715963133964
0.00002947329153091260
0.00002728677936545409
0.00002784456307960426
0.00002764376095072407
0.00002795611983614776
0.00002846928083890532
0.00002733140206512275
0.00002735371341788806
0.00002862546028179480
0.00002657281620681573
0.00002933942344256479
0.00002724215667289087
0.00002795611983117396
0.00002831310138784460
0.00002782225173341146
0.00002753220418654223
0.00002829079004911250
0.00002822385601906063
0.00002927248939563753
0.00002860314893986526
0.00002898244184645904
0.00002882626242772801
0.00002840234679748477
0.00002913862129858558
0.00002786687442632996
0.00002846928084405676
0.00002726446800949134
0.00002920555534853264
0.00002998645254788102
0.00002851390354159378
0.00002849159219593389
0.00002887088511709379
0.00002838003545360124
0.00002862546028783442
0.00002788918579117450
0.00002927248939812444
0.00002838003545555523
0.00002786687442846159
0.00002811229926145131
0.00002902706455838455
0.00002927248939990079
0.00003110201998204332
0.00002878163973036863
0.00002936173478786941
0.00002853621487854952
0.00002793380847734284
0.00002913862131190825
0.00002902706456602289
0.00002851390353058036
0.00002998645255942734
0.00002840234679464260
0.00002900475320632978
0.00002813461061759171
0.00002811229926269476
0.00002808998791294926
0.00002835772410119119
0.00002757682689793484
0.00002826847870842642
0.00002860314894235216
0.00002733140205695150
0.00002913862130018430
0.00002887088512562031
0.00002860314892476623
0.00002806767657439480
0.00002862546027539992
0.00002900475320402052
0.00002896013051394419
0.00002842465814545392
0.00002768838363831350
0.00002817923330891148
0.00002849159219096009
0.00002802305386850890
0.00002900475319620455
0.00002835772410669790
0.00002846928084370148
0.00002884857376965755
0.00002721984531870447
0.00002744295879804071
0.00002893781917290283
0.00002840234679730713
0.00002867008298075291
0.00002931711209477328
0.00002844696949697578
0.00002960715962476712
0.00002779994038757394
0.00002891550781249919
0.00002808998791810069
0.00002820154465990044
0.00002808998791667960
0.00002871470567846757
0.00002900475320810614
