0.00000783128334091998
0.00000740736772399941
0.00000812133091017131
0.00000805439687496801
0.00000834444438169157
0.00000671571594921261
0.00000718425426953218
0.00000738505638651077
0.00000776434930003234
0.00000698345211844753
0.00000769741528756640
0.00000727349965359281
0.00000700576346730486
0.00000800977416588467
0.00000792052875340232
0.00000756354720010677
0.00000787590606705635
0.00000720656556723043
0.00000767510392734039
0.00000745199045013578
0.00000836675575328627
0.00000763048122962573
0.00000738505636377340
0.00000841137844531659
0.00000792052877045535
0.00000787590604431898
0.00000783128338639472
0.00000776434930571668
0.00000800977416588467
0.00000821057630560063
0.00000856755788163355
0.00000749661314216610
0.00000736274502060041
0.00000787590606137201
0.00000787590607842503
0.00000771972661937070
0.00000767510393302473
0.00000794284013636570
0.00000756354716600072
0.00000767510392165605
0.00000825519901468397
0.00000783128337502603
0.00000769741528756640
0.00000765279258985174
0.00000827751035217261
0.00000823288762035190
0.00000771972661937070
0.00000787590605000332
0.00000823288764308927
0.00000722887695019381
0.00000760816986371538
0.00000874604866680784
0.00000738505639787945
0.00000780897202616870
0.00000756354720010677
0.00000742967910127845
0.00000718425426384783
0.00000836675574760193
0.00000742967910127845
0.00000767510393302473
0.00000731812232857010
0.00000758585854327976
0.00000763048121825705
0.00000778666067731138
0.00000780897200343134
0.00000727349964790847
0.00000758585853191107
0.00000731812237404483
0.00000760816989213708
0.00000769741525914469
0.00000794284013068136
0.00000680496136169495
0.00000771972661368636
0.00000754123586261812
0.00000709500886273418
0.00000740736772968376
0.00000778666068299572
0.00000803208550905765
0.00000727349963085544
0.00000747430180467745
0.00000774203796254369
0.00000758585851485805
0.00000716194292067485
0.00000787590603295030
0.00000774203798528106
0.00000794284009089097
0.00000812133091017131
0.00000798746282271168
0.00000758585852054239
0.00000798746279997431
0.00000774203797959672
0.00000734043372290216
0.00000841137842826356
0.00000700576345593618
0.00000783128339207906
0.00000894685075536472
0.00000718425424111047
0.00000740736772968376
0.00000754123581714339
0.00000731812235130747
0.00000794284013068136
0.00000778666066594269
0.00000798746277723694
0.00000787590605568766
0.00000794284006815360
0.00000734043367742743
0.00000783128337502603
0.00000749661313079741
0.00000756354718873808
0.00000727349963085544
0.00000796515146817001
0.00000812133091017131
0.00000727349967633018
0.00000758585850917370
0.00000751892450807645
0.00000760816986371538
0.00000711732019453848
0.00000789821737043894
0.00000722887695019381
0.00000756354718873808
0.00000747430182173048
0.00000792052875340232
0.00000725118831610416
0.00000736274504333778
0.00000838906707940623
0.00000771972664210807
0.00000787590604431898
0.00000769741528756640
0.00000747430177625574
0.00000751892450807645
0.00000794284007952228
0.00000760816987508406
0.00000720656562407385
0.00000705038615365083
0.00000798746283976470
0.00000794284013636570
0.00000713963156044883
0.00000765279259553608
0.00000803208552611068
0.00000821057629423194
0.00000763048124667875
0.00000763048121257270
0.00000812133092153999
0.00000749661312511307
0.00000705038618207254
0.00000725118829336679
0.00000742967910696279
0.00000823288763172059
0.00000778666069436440
0.00000702807485026824
0.00000827751032943524
0.00000734043372290216
0.00000751892449670777
0.00000827751034080393
0.00000796515142269527
0.00000736274507744383
0.00000852293518391889
0.00000780897205459041
0.00000734043370584914
0.00000720656558996779
0.00000771972661937070
0.00000765279259553608
0.00000745199045013578
0.00000720656562975819
0.00000771972660800202
0.00000754123582282773
0.00000774203796822803
0.00000809901955562964
0.00000747430175920272
0.00000747430178194008
0.00000796515143974830
0.00000751892446828606
0.00000758585854896410
0.00000780897201480002
0.00000709500885704983
0.00000812133089880263
0.00000763048121825705
0.00000823288763740493
0.00001247204389187573
0.00000751892449102343
0.00000754123581714339
0.00000758585849780502
0.00000789821742728236
0.00000823288764877361
0.00000749661316490347
0.00000769741528188206
0.00000754123584556510
0.00000829982171239862
0.00000787590608410937
0.00000774203794549067
0.00000749661311374439
0.00000789821743865104
0.00000758585852622673
0.00000747430178194008
0.00000789821742728236
0.00000821057627149457
0.00000729581098539711
0.00000754123582282773
0.00000809901956699832
0.00000763048121257270
0.00000745199046150446
0.00000760816987508406
0.00000814364224197561
0.00000818826493400593
0.00000769741532167245
0.00000702807480479350
0.00000787590607274069
0.00000745199043308276
0.00000711732022296019
0.00000731812237404483
0.00000832213306694030
0.00000785359473525204
0.00000716194290362182
0.00000812133089880263
0.00000765279256711437
0.00000745199045582012
0.00000800977417156901
0.00000789821741591368
0.00000731812232288576
0.00000754123584556510
0.00000765279256711437
0.00000798746279428997
0.00000754123585124944
0.00000783128336365735
0.00000787590606705635
0.00000740736771263073
0.00000800977414314730
0.00000778666063183664
0.00000783128335228866
0.00000754123583419641
0.00000792052876477101
0.00000778666067731138
0.00000720656561270516
0.00000749661317058781
0.00000760816988645274
0.00000774203796254369
0.00000758585853191107
0.00000789821743865104
0.00000760816989213708
0.00000792052874771798
0.00000798746282271168
0.00000829982165555521
0.00000769741526482903
0.00000771972661937070
0.00000740736774673678
0.00000765279261258911
0.00000754123585693378
0.00000800977415451598
0.00000858986921912219
0.00000805439684086195
0.00000731812235130747
0.00000738505639787945
0.00000825519895784055
0.00000725118831041982
0.00000678264997304723
0.00000751892449670777
0.00000765279256143003
0.00000700576344456749
0.00000736274505470647
0.00000709500883999681
0.00000823288762603625
0.00000691651806050686
0.00000780897203185305
0.00000760816986939972
0.00000751892449670777
0.00000705038615365083
0.00000792052879887706
0.00000769741527619772
0.00000725118829336679
0.00000758585853191107
0.00000769741529893508
0.00000734043368879611
0.00000720656560702082
0.00000754123585124944
0.00000736274502628476
0.00000754123581145905
0.00000780897202048436
0.00000887991675426747
0.00000776434930571668
0.00000843368977712089
0.00000760816991487445
0.00000778666068299572
0.00000682727268213057
0.00000805439685223064
0.00000809901954994530
0.00000736274506039081
0.00000760816985234669
0.00000814364221923825
0.00000747430179330877
0.00000698345212981621
0.00000785359471819902
0.00000805439683517761
0.00000720656564112687
0.00000705038618207254
0.00000765279258416740
0.00000760816987508406
0.00000747430178194008
0.00000760816989782143
0.00000758585853191107
0.00000818826492263725
0.00000809901954426095
0.00000716194290930616
0.00000751892450239211
0.00000756354718305374
0.00000758585852622673
0.00000829982166123955
0.00000850062380095551
0.00000749661312511307
0.00000794284009657531
0.00000858986917933180
0.00000798746279428997
0.00000754123582282773
0.00000836675574191759
0.00000705038611954478
0.00000787590605000332
0.00000756354716600072
0.00000816595359651728
0.00000749661316490347
0.00000767510391028736
0.00000767510390460302
0.00000905840753944176
0.00000778666065457401
0.00000800977413177861
0.00000858986922480653
0.00000821057632265365
0.00000783128340344774
0.00000758585855464844
0.00000796515145111698
0.00000691651808324423
0.00000803208551474199
0.00000749661314216610
0.00000736274502060041
0.00000763048119551968
0.00000742967906148806
0.00000734043369448045
0.00000854524651572319
0.00000780897200343134
0.00000800977416588467
0.00000763048120120402
0.00000736274504902212
0.00000720656561270516
0.00000729581101950316
0.00000827751030669788
0.00000742967906148806
0.00000805439682949327
0.00000780897198637831
0.00000847831245778252
0.00000778666067731138
0.00000796515146817001
0.00000792052874771798
0.00000832213304988727
0.00000760816988076840
0.00000823288763740493
0.00000836675575897061
0.00000763048123531007
0.00000814364225334430
0.00001218199635104611
0.00000823288764877361
0.00000787590607842503
0.00000693882946620761
0.00000792052879319272
0.00000821057629423194
0.00000823288765445796
0.00000780897200343134
0.00000785359469546165
0.00000794284011931268
0.00000816595356241123
0.00000725118828768245
0.00000809901955562964
0.00000734043371721782
0.00000803208552611068
0.00000711732018885414
0.00000776434932276970
