0.00000908071870071581
0.00000986161649052519
0.00000997317274595844
0.00000903609634406166
0.00000838906689750729
0.00000838906698845676
0.00000876835965755163
0.00000843368989080773
0.00000850062360768788
0.00001004010682663647
0.00000850062406243524
0.00000867911467139493
0.00000894685108505655
0.00000861218049976742
0.00000872373739184695
0.00000858986941238982
0.00000852293533171178
0.00000858986913954141
0.00000832213290777872
0.00000854524641908938
0.00000852293505886337
0.00000874604884302244
0.00000881298255990259
0.00000865680312926997
0.00000845600088723586
0.00000883529419297702
0.00000832213318062713
0.00000832213272587978
0.00000852293505886337
0.00000841137862153118
0.00000883529373822967
0.00000852293524076231
0.00000912534142116783
0.00000836675581012969
0.00000879067147252499
0.00000883529373822967
0.00000852293496791390
0.00000845600125103374
0.00000841137853058171
0.00000876835993040004
0.00000834444426800474
0.00000914765296329279
0.00000861218049976742
0.00000850062378958682
0.00000912534169401624
0.00000896916189958574
0.00000867911467139493
0.00000850062388053630
0.00000850062351673842
0.00000887991636773222
0.00000876836002134951
0.00000847831261125975
0.00000847831261125975
0.00000879067138157552
0.00000861218077261583
0.00000872373720994801
0.00000843368989080773
0.00000870142584972200
0.00000845600116008427
0.00000854524660098832
0.00000865680322021945
0.00000925920967347338
0.00000834444463180262
0.00000872373739184695
0.00000872373757374589
0.00000841137843963224
0.00000854524641908938
0.00000883529382917914
0.00000834444444990368
0.00000890222818270559
0.00000852293514981284
0.00000854524632813991
0.00000894685099410708
0.00000829982163850218
0.00000856755796121433
0.00000854524614624097
0.00000845600125103374
0.00000843368998175720
0.00000899147353266017
0.00000901378489288618
0.00000885760564415250
0.00000876836029419792
0.00000825519900899963
0.00000847831279315869
0.00000827751000542776
0.00000832213299872819
0.00000823288755782414
0.00000901378498383565
0.00000832213299872819
0.00000843368979985826
0.00000836675562823075
0.00000863449195094290
0.00000863449204189237
0.00000879067156347446
0.00000814364220786956
0.00000812133102954249
0.00000861218086356530
0.00000843368979985826
0.00000807670830909046
0.00000836675562823075
0.00000812133075669408
0.00000879067129062605
0.00000829982182040112
0.00000892453899723478
0.00000856755796121433
0.00000921458695302135
0.00000874604875207297
0.00000861218068166636
0.00000872373739184695
0.00000901378507478512
0.00000876836020324845
0.00000832213290777872
0.00000823288701212732
0.00000827751018732670
0.00000843369007270667
0.00000874604893397191
0.00000843368943606038
0.00000832213281682925
0.00000856755796121433
0.00000843368979985826
0.00000883529428392649
0.00000825519900899963
0.00000854524651003885
0.00000836675581012969
0.00000863449195094290
0.00000843368979985826
0.00000856755777931540
0.00000818826474642265
0.00000841137880343013
0.00000863449204189237
0.00000847831233841134
0.00000841137853058171
0.00000865680303832050
0.00000823288746687467
0.00000870142575877253
0.00000867911467139493
0.00000834444417705527
0.00000836675590107916
0.00000890222809175612
0.00000916996432351880
0.00000829982154755271
0.00000823288755782414
0.00000852293505886337
0.00000841137834868277
0.00000847831279315869
0.00000852293542266125
0.00000894685081220814
0.00000845600134198321
0.00000821057628854760
0.00000807670812719152
0.00000827751055112458
0.00000854524678288726
0.00000827751046017511
0.00000854524623719044
0.00000872373748279642
0.00000872373711899854
0.00000843368979985826
0.00000847831215651240
0.00000861218104546424
0.00000876835974850110
0.00000845600143293268
0.00000874604875207297
0.00000863449167809449
0.00000832213318062713
0.00000838906735225464
0.00000854524641908938
0.00000870142630446935
0.00000845600125103374
0.00000923689849514631
0.00000847831233841134
0.00000858986950333929
0.00000856755805216380
0.00000827751009637723
0.00000818826465547318
0.00000852293533171178
0.00000856755814311327
0.00000841137843963224
0.00000872373711899854
0.00001238279837707523
0.00000836675553728128
0.00000818826465547318
0.00000834444435895421
0.00000874604866112349
0.00000885760537130409
0.00000883529419297702
0.00000843368970890879
0.00000847831261125975
0.00000910302987904288
0.00000872373739184695
0.00000823288746687467
0.00000879067147252499
0.00000874604884302244
0.00000834444435895421
0.00000845600134198321
0.00000841137843963224
0.00000838906680655782
0.00000838906726130517
0.00000870142575877253
0.00000829982191135059
0.00000858986904859194
0.00000847831252031028
0.00000821057647044654
0.00000829982145660324
0.00000841137853058171
0.00000838906717035570
0.00000843368970890879
0.00000858986886669299
0.00000832213299872819
0.00000863449222379131
0.00000885760564415250
0.00000852293514981284
0.00000856755777931539
0.00000854524678288726
0.00000870142584972200
0.00000843368970890879
0.00000818826483737212
0.00000827751027827617
0.00000854524660098832
0.00000874604902492137
0.00000863449195094290
0.00000818826501927106
0.00000841137807583436
0.00000852293496791390
0.00000872373702804907
0.00000896916180863627
0.00000867911476234440
0.00000852293533171178
0.00000850062369863735
0.00000847831270220922
0.00000847831242936081
0.00000834444472275209
0.00000865680340211838
0.00000803208577053738
0.00000861218049976742
0.00000825519891805015
0.00000847831215651240
0.00000852293542266125
0.00000861218040881795
0.00000832213308967766
0.00000836675571918022
0.00000892453936103266
0.00000845600097818533
0.00000834444408610580
0.00000821057637949707
0.00000827751064207405
0.00000858986895764247
0.00000836675571918022
0.00000838906689750729
0.00000823288746687467
0.00000841137862153118
0.00000881298255990259
0.00000876835993040004
0.00001019628634821856
0.00000827751009637723
0.00000863449213284184
0.00000856755787026486
0.00000818826465547318
0.00000861218068166636
0.00000841137843963224
0.00000903609625311219
0.00000845600106913480
0.00000823288764877361
0.00000896916235433309
0.00000850062406243524
0.00000854524632813991
0.00000865680349306785
0.00000890222818270559
0.00000876836029419792
0.00000858986923049088
0.00000905840752238873
0.00000836675571918022
0.00000894685072125867
0.00000812133066574461
0.00000852293514981284
0.00000865680358401732
0.00000838906707940623
0.00000867911485329387
0.00000885760546225356
0.00000816595347714610
0.00000836675617392757
0.00000896916217243415
0.00000874604884302244
0.00000861218077261583
0.00000843368970890879
0.00000834444454085315
0.00000847831242936081
0.00000879067147252499
0.00000825519891805015
0.00000914765305424226
0.00000818826483737212
0.00000816595365904504
0.00000881298246895312
0.00000841137853058171
0.00000865680331116891
0.00000852293524076231
0.00000881298283275100
0.00000872373730089748
0.00000903609607121325
0.00000910303078853758
0.00000850062378958682
0.00000854524632813991
0.00000850062369863736
0.00000838906744320411
0.00000856755787026487
0.00000863449167809449
0.00000845600088723586
0.00000850062415338471
0.00000841137825773330
0.00000809901976026595
0.00000867911467139493
0.00000874604875207297
0.00000841137853058171
0.00000823288764877361
0.00000836675599202863
0.00000812133066574461
0.00000821057610664866
0.00000854524669193779
0.00000881298228705418
0.00000829982182040112
0.00000832213318062713
0.00000863449204189237
0.00000892453945198213
0.00000818826483737212
0.00000825519909994910
0.00000834444444990368
0.00000874604884302244
0.00000841137816678383
0.00000861218059071689
0.00000863449195094290
0.00000816595365904504
0.00000821057619759813
0.00000863449204189237
0.00000881298265085206
0.00000852293524076231
0.00000836675599202863
0.00000863449222379131
0.00000841137816678383
0.00000928152103369939
0.00000872373730089748
0.00000879067138157552
0.00000856755796121433
0.00000856755805216380
0.00000858986904859194
0.00000863449222379131
0.00000821057619759813
0.00000858986950333929
0.00000872373730089748
0.00000845600134198321
0.00000827751073302352
0.00000861218040881795
0.00000881298265085206
0.00000827751036922564
0.00000894685081220814
0.00000845600097818533
0.00000845600125103374
0.00000861218049976742
0.00001128954227169743
0.00000836675562823075
0.00000829982163850218
0.00000836675571918022
0.00000825519873615122
0.00000854524651003885
0.00000870142603162094
0.00000836675599202863
0.00000863449195094290
0.00000854524632813991
0.00000836675571918022
0.00000852293524076231
0.00000838906726130517
0.00000838906707940623
0.00000816595347714610
0.00000874604857017403
0.00000850062406243524
