0.00000702807492416468
0.00000794284005678492
0.00000778666089900071
0.00000789821742728236
0.00000763048146836809
0.00000771972654547426
0.00000756354720579111
0.00000760816992624314
0.00000780897216827725
0.00000707269755366724
0.00000763048119551968
0.00000727349979570136
0.00000749661321606254
0.00000763048119551968
0.00000718425417289837
0.00000783128361945273
0.00000702807465131627
0.00000736274514565594
0.00000805439703981392
0.00000758585874791606
0.00000747430167393759
0.00000729581097402843
0.00000794284014773439
0.00000742967940823291
0.00000780897216827725
0.00000738505632398301
0.00000778666071710177
0.00000800977413746296
0.00000731812242520391
0.00000758585865696659
0.00000774203799664974
0.00000792052860560943
0.00000740736795705743
0.00000736274514565594
0.00000760816992624314
0.00000836675571918022
0.00000758585874791606
0.00000758585865696659
0.00000843368998175720
0.00000749661312511307
0.00000754123593651457
0.00000754123602746404
0.00000829982154755271
0.00000691651803208515
0.00000720656562407385
0.00000716194290362182
0.00000834444435895421
0.00000760817010814208
0.00000705038619344123
0.00000783128343755379
0.00000736274514565594
0.00000769741536714719
0.00000736274505470647
0.00000754123566366616
0.00000798746277723694
0.00000700576347298920
0.00000734043387637939
0.00000771972645452479
0.00000854524641908938
0.00000787590597610688
0.00000745199040466105
0.00000838906698845676
0.00000769741509429878
0.00000720656571502332
0.00000805439667601604
0.00000747430158298812
0.00000763048119551968
0.00000796515150796040
0.00000722887689335039
0.00000841137853058171
0.00000787590597610688
0.00000767510391597170
0.00000747430185583653
0.00000727349988665083
0.00003112433150818106
0.00000838906689750729
0.00000780897207732778
0.00000758585856601712
0.00000780897189542884
0.00000749661321606254
0.00000769741500334931
0.00000854524660098832
0.00000812133084764355
0.00000763048101362074
0.00000774203781475080
0.00000783128343755379
0.00000742967913538450
0.00000736274505470647
0.00000794284005678492
0.00000722887707524933
0.00000747430158298812
0.00000756354747863952
0.00000780897198637831
0.00000872373739184695
0.00000749661339796148
0.00000749661321606254
0.00000803208540673950
0.00000792052860560943
0.00000774203772380133
0.00000771972672737320
0.00000767510391597170
0.00000758585865696659
0.00000789821733633289
0.00000729581088307896
0.00000747430185583653
0.00000754123584556510
0.00000718425417289836
0.00000767510409787064
0.00000731812215235550
0.00000783128325565485
0.00000838906662465888
0.00000794284014773439
0.00000705038610249176
0.00000725118816262693
0.00000823288746687467
0.00000751892466723802
0.00000720656553312438
0.00000780897244112566
0.00000751892439438961
0.00000792052869655890
0.00000749661294321413
0.00000711732000127085
0.00000792052878750837
0.00000794284032963333
0.00000798746295913588
0.00000763048128646915
0.00000787590579420794
0.00000841137862153118
0.00000771972663642373
0.00000731812215235550
0.00000765279228289728
0.00000756354747863952
0.00000722887698429986
0.00000883529437487596
0.00000800977413746296
0.00000809901976026595
0.00000778666062615230
0.00000814364238976850
0.00000725118825357640
0.00000776434917497681
0.00000783128325565485
0.00000760816938054631
0.00000769741527619772
0.00000767510409787064
0.00000702807483321521
0.00000751892457628855
0.00000765279264669516
0.00000720656571502332
0.00000747430176488706
0.00000887991682247957
0.00000783128343755379
0.00000852293524076231
0.00000760816974434420
0.00000876836002134951
0.00000814364211692009
0.00000765279255574569
0.00000771972672737320
0.00000838906717035570
0.00000792052878750838
0.00000734043378542992
0.00000758585838411818
0.00000747430185583653
0.00000740736750231008
0.00000758585865696659
0.00000756354711484164
0.00000774203808759921
0.00000787590579420794
0.00000771972663642373
0.00000760817001719261
0.00000751892430344014
0.00000787590624895529
0.00000740736741136061
0.00000720656544217491
0.00000711732009222033
0.00000738505650588195
0.00000736274523660541
0.00000778666035330389
0.00000794283996583545
0.00001311907280978630
0.00000725118816262693
0.00000747430158298812
0.00000769741500334931
0.00000727349970475188
0.00000783128334660432
0.00000747430185583653
0.00000776434935687576
0.00000823288792162202
0.00000796515168985934
0.00000796515141701093
0.00000738505650588195
0.00000803208549768897
0.00000747430176488706
0.00000780897216827725
0.00000709500891389325
0.00000792052896940731
0.00000821057610664866
0.00000838906698845676
0.00000707269737176830
0.00000767510382502223
0.00000751892448533908
0.00000734043378542992
0.00000785359479777981
0.00000693882948326063
0.00000827751018732670
0.00000754123566366616
0.00000747430158298812
0.00000763048110457021
0.00000867911430759705
0.00000722887680240092
0.00000756354702389217
0.00000852293524076231
0.00000740736777515849
0.00000792052860560943
0.00000854524651003885
0.00000776434926592629
0.00000705038592059282
0.00000745199031371158
0.00000789821724538342
0.00000809901957836701
0.00000758585838411818
0.00000776434953877469
0.00000713963136149687
0.00000789821751823183
0.00000758585847506765
0.00000792052869655890
0.00000821057619759813
0.00000731812233425444
0.00000769741536714719
0.00000785359479777981
0.00000796515178080881
0.00000769741509429878
0.00000821057619759813
0.00000749661303416360
0.00000696114075253718
0.00000760816974434420
0.00000809901966931648
0.00000745199058655999
0.00000796515141701093
0.00000747430194678600
0.00000796515141701093
0.00000720656562407385
0.00000763048119551968
0.00000702807483321521
0.00000798746295913588
0.00000716194253982394
0.00000774203772380133
0.00000749661312511307
0.00000798746250438853
0.00000760816974434420
0.00000756354738769005
0.00000780897198637831
0.00000727349943190347
0.00000803208522484056
0.00000798746268628747
0.00000702807474226574
0.00000756354720579111
0.00000798746323198429
0.00000796515168985934
0.00000798746305008535
0.00000765279255574569
0.00000756354693294270
0.00000682727250023163
0.00000727349952285295
0.00000763048101362074
0.00000780897216827725
0.00000778666080805124
0.00000751892448533908
0.00000816595393189346
0.00000803208549768897
0.00000760816974434420
0.00000749661330701201
0.00000798746295913588
0.00000827751018732670
0.00000783128316470538
0.00000742967922633397
0.00000809901948741754
0.00000754123593651457
0.00000763048119551968
0.00000774203799664974
0.00000736274487280752
0.00000821057619759813
0.00000794284014773439
0.00000760816992624313
0.00000792052860560943
0.00000745199031371158
0.00000749661312511307
0.00000843368989080773
0.00000787590606705635
0.00000809901948741753
0.00000780897198637831
0.00000800977395556401
0.00000758585838411818
0.00000834444417705527
0.00000722887689335039
0.00000734043387637939
0.00000771972690927214
0.00000856755796121433
0.00000749661312511307
0.00000787590597610688
0.00000771972654547426
0.00000774203808759921
0.00000731812197045656
0.00000763048137741862
0.00000836675562823075
0.00000792052860560943
0.00000734043378542992
0.00000785359479777981
0.00000756354702389217
0.00000789821751823183
0.00000854524623719044
0.00000734043369448045
0.00000734043378542992
0.00000729581097402843
0.00000834444463180262
0.00000763048137741862
0.00000834444463180262
0.00000740736795705743
0.00000745199058655999
0.00000774203817854868
0.00000780897207732778
0.00000798746232248959
0.00000738505632398301
0.00000767510382502223
0.00000763048137741862
0.00000734043387637939
0.00000722887698429986
0.00000769741527619772
0.00000745199031371158
0.00000823288755782414
0.00000725118834452587
0.00000760816992624314
0.00000765279255574569
0.00000771972690927214
0.00000789821715443395
0.00000785359488872927
0.00000725118834452587
0.00000740736768420902
0.00000738505623303354
0.00000829982163850218
0.00000789821724538342
0.00000729581106497790
0.00000758585865696659
0.00000734043387637939
0.00000747430194678600
0.00000776434935687576
0.00000767510400692117
0.00000850062369863735
0.00000794284005678492
0.00000780897207732778
0.00000776434935687576
0.00000745199058655999
0.00000700576329109026
0.00000836675571918022
0.00000758585856601712
0.00000713963154339581
0.00000767510400692117
0.00001186963700092747
0.00000769741545809666
0.00000807670830909046
0.00000809901957836701
0.00000865680358401732
0.00000758585838411818
0.00000758585865696659
0.00000758585874791606
0.00000763048128646915
0.00000796515159890987
0.00000718425399099942
0.00000763048128646915
0.00000765279282859410
0.00000734043387637939
0.00000765279264669516
0.00000738505641493248
0.00000778666080805124
