0.00000858986920206917
0.00000896916214969678
0.00000874604864975481
0.00000981699337785358
0.00000872373732931919
0.00000872373728384446
0.00000903609619058443
0.00000919227563258573
0.00000861218056797952
0.00000847831246915121
0.00000910303024284076
0.00000850062380095551
0.00000847831245209818
0.00000854524653277622
0.00000874604866680784
0.00000867911462023585
0.00000887991675426747
0.00000867911462592019
0.00000948232318478404
0.00000847831247483555
0.00000838906706803755
0.00000856755786458052
0.00000905840756786347
0.00000863449193388988
0.00000914765292350239
0.00000959387992907068
0.00000858986921343785
0.00000850062380663985
0.00000852293517823455
0.00000899147348718543
0.00000919227564395442
0.00000870142597477752
0.00000854524651572319
0.00000867911462592019
0.00000912534157464506
0.00000876836001566517
0.00000934845508027138
0.00000834444438169157
0.00000879067135315381
0.00000856755787594921
0.00000845600113166256
0.00000874604864407047
0.00000865680323727247
0.00000836675571918022
0.00000887991674289879
0.00000881298273043285
0.00000883529403949979
0.00000850062381232419
0.00000865680326569418
0.00000843368977712089
0.00000876835999292780
0.00000939307777230169
0.00000847831248051989
0.00000992855015056193
0.00000854524651572319
0.00000885760539404146
0.00000870142597477752
0.00000861218056229518
0.00000901378484741144
0.00000861218059071689
0.00000896916210990639
0.00000914765295760844
0.00000934845505753401
0.00000838906705098452
0.00000863449190546817
0.00000896916213264376
0.00000896916216674981
0.00000867911462023585
0.00000865680326569418
0.00000845600113166256
0.00000832213302714990
0.00000916996429509709
0.00000847831245778252
0.00000823288766582664
0.00000883529404518413
0.00000858986923049088
0.00000856755786458052
0.00000852293516118152
0.00000910303023147208
0.00000858986924754390
0.00000841137844531659
0.00000874604866680784
0.00000865680324864115
0.00000827751035785695
0.00000925920969621075
0.00000841137845100093
0.00000916996428372840
0.00000865680324864115
0.00000863449192820553
0.00000881298272474851
0.00000887991675995181
0.00000847831248620423
0.00000838906709645926
0.00000896916217243415
0.00000856755787026486
0.00000865680327706286
0.00000883529406223715
0.00000861218056797952
0.00000885760539972580
0.00000923689832461605
0.00000881298268495811
0.00000870142595204015
0.00000881298271906417
0.00000832213304420293
0.00000854524651572319
0.00000825519899763094
0.00000954925721430300
0.00000850062381232419
0.00000867911462023585
0.00000863449196799593
0.00000892453945198213
0.00000863449189409948
0.00000883529401676242
0.00000908071888829909
0.00000823288764308927
0.00000908071888829909
0.00000841137843394790
0.00000850062384643024
0.00000845600112029388
0.00000865680328274721
0.00000883529403381544
0.00000843368976575221
0.00000901378483604276
0.00000863449193957422
0.00000850062382369288
0.00000858986922480653
0.00000834444439306026
0.00000914765293487108
0.00000883529405655281
0.00000858986923617522
0.00000863449193388988
0.00000874604863838613
0.00000850062381800853
0.00000923689831893171
0.00000908071884850870
0.00000872373731226617
0.00000899147349286977
0.00000865680327137852
0.00000865680325432550
0.00000863449190546817
0.00000867911464297322
0.00000854524652140753
0.00000899147348150109
0.00000899147349855411
0.00000905840753375742
0.00000883529405655281
0.00000894685077241775
0.00000872373732931919
0.00000854524653846056
0.00000847831249757292
0.00000870142596340884
0.00000845600114871559
0.00000863449189409948
0.00000885760538835712
0.00000925920968484206
0.00000827751030101353
0.00000870142594067147
0.00000841137839984185
0.00000901378483035842
0.00000834444441579762
0.00000879067134746947
0.00000841137840552619
0.00000836675573623324
0.00000881298270201114
0.00000841137844531659
0.00000892453940650739
0.00000885760539404146
0.00000872373729521314
0.00000879067134178513
0.00000845600114871559
0.00000861218056229518
0.00000863449191683685
0.00000876835999292780
0.00000954925723704037
0.00000894685079515511
0.00000872373730089748
0.00000814364224765995
0.00000890222813154651
0.00001224893038624942
0.00000896916212127508
0.00000872373727816011
0.00000856755786458052
0.00000832213305557161
0.00000858986920206917
0.00000832213304988727
0.00000881298269632680
0.00000910303022010339
0.00000852293515549718
0.00000850062382369288
0.00000872373735205656
0.00000879067136452250
0.00000881298267927377
0.00000905840753375742
0.00000841137840552619
0.00000881298269632680
0.00000861218059071689
0.00000865680329411589
0.00000867911459181414
0.00000885760540541014
0.00000858986924754390
0.00000838906710214360
0.00000883529408497452
0.00000856755784184315
0.00000858986922480653
0.00000829982167260823
0.00000892453943492910
0.00000872373731795051
0.00000854524652140753
0.00000876836000429648
0.00000838906706803755
0.00000872373731226617
0.00000847831246915121
0.00000856755788163355
0.00000883529406223715
0.00000845600116008427
0.00000829982170102994
0.00000861218055092650
0.00000865680325432550
0.00000861218061345426
0.00000841137846236961
0.00000881298270769548
0.00000865680329411589
0.00000845600113734690
0.00000852293516686586
0.00000894685082926117
0.00000905840756217913
0.00000838906709077492
0.00000865680328274721
0.00000852293517255020
0.00000876836002134951
0.00000872373732363485
0.00000934845504048099
0.00000910303024852510
0.00000876836000429648
0.00000905840755081044
0.00000943770045296333
0.00000829982169534560
0.00000921458695870569
0.00000908071889966777
0.00000870142596340884
0.00000870142599183055
0.00000854524655551359
0.00000894685081789248
0.00000861218058503255
0.00000916996426667538
0.00000912534158032941
0.00000925920969052640
0.00000863449193388988
0.00000852293520665626
0.00000881298269632680
0.00000872373730658182
0.00000858986921343785
0.00000834444440442894
0.00000865680324295681
0.00000872373730089748
0.00000874604865543915
0.00000823288764877361
0.00000905840756786347
0.00000901378484172710
0.00000894685082926117
0.00000863449193957422
0.00000838906708509057
0.00000814364223060693
0.00000883529406792150
0.00000863449194525856
0.00000834444438169157
0.00000847831247483555
0.00000887991672584576
0.00000863449191683685
0.00000903609619058443
0.00000854524649867017
0.00000883529406223715
0.00000838906707372189
0.00000903609618490009
0.00000916996430078143
0.00000843368977143655
0.00000870142600319923
0.00000870142595772450
0.00000832213306694030
0.00000867911460318283
0.00000861218054524215
0.00000865680327137852
0.00000894685078378643
0.00000861218056797952
0.00000865680324295681
0.00000954925722567168
0.00000870142596909318
0.00000852293518391889
0.00000847831248620423
0.00001004010684368950
0.00000834444434758552
0.00000876836000429648
0.00000910303025420944
0.00000896916214401244
0.00000894685077810209
0.00000861218057934821
0.00000874604866112349
0.00000834444442716631
0.00000847831248051989
0.00000865680325432550
0.00000852293518391889
0.00000865680327706286
0.00000887991674858313
0.00000908071889398343
0.00000838906709645926
0.00000894685082926117
0.00000872373731795051
0.00000883529407360584
0.00000943770048138504
0.00000896916215538113
0.00000885760541109448
0.00000961619128361235
0.00000852293516686586
0.00000874604867249218
0.00000879067137589118
0.00000923689831324737
0.00000943770048138504
0.00000867911463160453
0.00000903609617353140
0.00000879067135883815
0.00000876835998724346
0.00000879067139862855
0.00000858986920775351
0.00000908071888829909
0.00000861218055661084
0.00000892453945766647
0.00000867911462023585
0.00000858986922480653
0.00000905840755649479
0.00000863449191115251
0.00000838906709645926
0.00000883529405086847
0.00000885760541109448
0.00000928152102801505
0.00000827751035785695
0.00000856755789868657
0.00000887991674289879
0.00000874604864407047
0.00000903609619626877
0.00000852293518391889
0.00000881298266790509
0.00000952694583702396
0.00000858986925891259
0.00000867911463728888
0.00000892453945198213
0.00000861218059071689
0.00000867911459749848
0.00000870142594635581
0.00000890222810880914
0.00000863449192252119
0.00000901378482467408
0.00000861218054524215
0.00000850062384643024
0.00000838906707372189
0.00000916996427235972
0.00000921458698712740
0.00001113336294338296
0.00000870142593498713
0.00000905840753375742
0.00000890222811449348
0.00000867911463160453
0.00000908071889398343
0.00000867911462023585
0.00000865680326000984
0.00000856755786458052
0.00000876835998155911
0.00000899147349855411
0.00000903609619058443
0.00000863449195094290
0.00000854524649867017
0.00000899147349855411
0.00000903609619626877
0.00000843368978848957
