0.00002942866904049879
0.00003275305934948847
0.00002985258433909621
0.00003239607831346802
0.00002873701687349239
0.00003052192505492712
0.00003150362390442751
0.00002951791393570602
0.00002867008261091541
0.00002969640509036253
0.00003047730224352563
0.00003159286970912945
0.00003007569757755846
0.00002846928091457812
0.00002994182987094973
0.00002806767679430777
0.00002909399854615913
0.00002858083780665766
0.00002844696946340264
0.00002902706455643056
0.00002815692178046447
0.00002833541229847469
0.00002750989287960692
0.00002784456291919923
0.00002896013038480305
0.00002864777134163887
0.00002808998779073590
0.00002710828848648816
0.00002878163959394442
0.00002795611962937983
0.00002860314898498473
0.00002746527015915490
0.00002793380826915381
0.00002949560293927789
0.00002846928091457812
0.00002804536525218282
0.00002748758179222932
0.00002788918591249967
0.00002679592971617240
0.00002771069484879263
0.00002739833635132527
0.00002802305389195681
0.00002779994065349456
0.00002849159227480413
0.00002844696964530158
0.00002855852653738111
0.00002695210905585554
0.00002860314880308579
0.00002931711223936873
0.00002762144958978752
0.00002808998779073590
0.00002750989278865745
0.00002962947100968449
0.00002967409363918705
0.00002802305407385575
0.00002867008315661224
0.00002858083771570818
0.00002771069493974210
0.00002739833626037580
0.00002750989278865745
0.00002860314934878261
0.00002916093244493823
0.00002777762902042014
0.00002884857376557193
0.00002846928082362865
0.00002831310157489497
0.00002802305371005786
0.00002840234674295061
0.00002916093289968558
0.00003130282202619128
0.00002764376085906406
0.00002762144949883805
0.00002891550784624997
0.00002873701705539133
0.00002893781929742545
0.00002838003520082566
0.00002835772411344806
0.00002891550766435102
0.00002869239469873719
0.00002862546025426127
0.00002826847876349348
0.00002871470551326638
0.00002757682696028496
0.00002833541311701992
0.00002875932823371841
0.00002797843135340372
0.00002824616758516640
0.00002925017770394334
0.00002802305425575469
0.00002802305352815892
0.00002916093262683717
0.00002813461051118793
0.00002849159227480413
0.00002726446809901972
0.00002867008315661224
0.00002931711196652032
0.00002775531766019412
0.00002871470524041797
0.00002826847839969560
0.00002896013038480305
0.00002971871617774013
0.00002884857394747087
0.00002815692205331288
0.00002840234656105167
0.00002985258443004568
0.00002875932814276894
0.00002788918600344914
0.00002771069493974210
0.00002831310139299603
0.00002724215655689477
0.00002786687455227366
0.00002777762902042014
0.00002793380836010329
0.00002835772420439753
0.00002695210905585554
0.00002849159209290519
0.00002829079003277002
0.00002766607267403742
0.00002829078994182055
0.00002764376104096300
0.00002893781893362757
0.00002969640518131200
0.00002838003538272460
0.00002815692168951500
0.00002724215646594530
0.00002762144958978752
0.00002744295879892889
0.00002648357085490716
0.00002811229915096192
0.00002933942323579686
0.00002880395077227149
0.00002864777161448728
0.00002918324389611371
0.00002808998815453379
0.00002811229933286086
0.00002764376095001353
0.00002771069539448945
0.00002824616703946958
0.00002922786679846467
0.00002824616749421694
0.00002782225192277110
0.00002911630999733461
0.00002802305371005786
0.00002786687455227366
0.00002965178200611263
0.00002813461069308687
0.00002831310130204656
0.00002838003547367407
0.00002954022556878044
0.00002762144995358540
0.00002802305407385575
0.00002728677945924574
0.00002927248933701776
0.00002681824089449947
0.00002855852635548217
0.00002771069503069157
0.00003074503865718725
0.00002742064771155128
0.00002802305407385575
0.00002860314880308579
0.00002811229942381033
0.00002782225155897322
0.00002771069512164104
0.00002759913822956150
0.00002744295907177730
0.00002889319675887236
0.00002802305398290628
0.00002851390354408068
0.00002916093299063505
0.00002913862090281327
0.00002773300611806917
0.00002838003510987619
0.00002846928073267918
0.00002844696928150370
0.00002788918563965126
0.00002846928073267918
0.00002768838385236450
0.00002728677936829626
0.00002838003556462354
0.00002871470587706426
0.00002882626258724485
0.00002706366594793508
0.00002913862126661115
0.00002840234692484955
0.00002826847839969560
0.00002773300648186705
0.00002726446800807025
0.00002864777152353781
0.00002797843126245425
0.00002833541284417151
0.00002826847903634189
0.00002880395113606937
0.00002757682668743655
0.00002871470551326638
0.00002755451560005895
0.00002773300639091758
0.00002690748679015087
0.00002867008297471330
0.00002782225174087216
0.00002811229951475980
0.00002831310139299603
0.00002782225183182163
0.00002909399872805807
0.00002721984546951717
0.00002779994028969668
0.00002893781911552651
0.00002873701696444186
0.00002690748660825193
0.00002779994047159562
0.00002840234665200114
0.00002708597739911056
0.00002744295852608047
0.00002779994038064615
0.00002869239406209090
0.00002833541257132311
0.00002813461132973316
0.00002813461069308687
0.00002777762920231908
0.00002766607203739113
0.00002813461078403634
0.00002800074271362973
0.00002893781902457704
0.00002739833607847686
0.00002824616740326746
0.00002742064743870287
0.00002784456319204764
0.00002739833626037580
0.00002779994028969668
0.00002793380845105275
0.00002815692178046447
0.00002831310157489497
0.00002842465801222716
0.00002784456328299712
0.00002822385604304145
0.00002791149736367515
0.00002686286379685043
0.00002873701687349239
0.00002916093244493823
0.00002764376104096300
0.00002746526997725596
0.00002829078994182055
0.00002786687437037472
0.00002864777161448728
0.00002710828866838711
0.00002878163977584336
0.00002737602444540244
0.00002804536525218282
0.00002784456310109817
0.00002786687418847578
0.00002851390327123227
0.00002746527015915490
0.00002764376104096300
0.00002766607258308795
0.00002871470578611479
0.00002909399854615913
0.00002811229933286086
0.00002746526997725596
0.00002713059984671418
0.00002692979778657900
0.00002710828866838711
0.00002775531784209306
0.00002630508015499800
0.00002838003529177513
0.00002786687427942525
0.00002715291120694019
0.00002806767670335830
0.00002867008306566277
0.00002884857367462246
0.00002831310093824868
0.00002869239433493931
0.00002797843153530266
0.00002762144968073699
0.00002882626231439645
0.00002773300620901864
0.00002842465846697451
0.00002853621472240775
0.00002771069530353998
0.00002851390345313120
0.00002833541302607046
0.00002869239460778772
0.00002699673195820651
0.00002730909081947175
0.00002838003556462354
0.00002791149736367515
0.00002898244192692800
0.00002864777197828516
0.00002692979778657900
0.00002815692223521182
0.00002753220433078241
0.00002777762874757173
0.00002717522265811567
0.00002764376113191247
0.00002786687446132419
0.00002933942332674633
0.00002862546061805915
0.00002831310112014762
0.00002617121208459139
0.00002867008288376383
0.00002773300639091758
0.00002784456301014870
0.00002795612008412718
0.00003201678555342369
0.00002844696955435211
0.00002777762929326855
0.00002762144949883805
0.00002824616740326746
0.00002779994038064615
0.00002768838357951608
0.00002791149736367515
0.00002688517515707645
0.00002735371353992378
0.00002730909081947175
0.00002815692214426235
0.00002833541275322205
0.00002804536507028388
0.00002724215664784424
0.00002835772411344806
0.00002896013065765146
0.00002846928064172971
0.00002873701705539133
0.00002744295834418153
0.00002875932814276894
0.00002762144977168646
0.00002804536516123335
0.00002811229933286086
0.00002867008288376383
0.00002920555534728919
0.00002744295888987835
0.00002744295888987835
0.00002898244201787747
0.00002851390372597962
0.00002918324389611371
0.00002744295870797941
0.00002771069503069157
0.00002773300639091758
0.00002887088521674741
0.00002813461069308687
0.00002909399854615913
0.00002833541275322205
0.00002766607240118901
0.00002813461069308687
0.00002817923377733678
0.00002898244174502906
0.00002898244174502906
0.00002822385622494039
0.00002867008288376383
0.00002795611981127877
0.00002878164004869177
0.00002724215637499583
0.00002978565053126658
0.00002753220423983294
0.00002911630990638514
0.00002811229933286086
0.00002902706464738003
0.00002831310102919815
0.00002820154468281544
0.00002840234656105167
0.00002744295861702995
0.00002907168754973100
0.00002820154431901756
0.00002768838385236450
0.00003025418882316444
0.00002849159200195572
0.00002835772447724594
0.00002804536552503123
0.00002800074234983185
0.00002891550830099732
0.00002853621472240775
0.00002782225164992269
0.00002884857349272352
0.00002666206137291738
0.00002864777143258834
0.00002706366585698561
