0.00002842465811454531
0.00003498419474681214
0.00003036574532870873
0.00002989720712776034
0.00003228452134180770
0.00003020956598902558
0.00002838003547367407
0.00003101277453652074
0.00003078966109342219
0.00003058885890823148
0.00002896013044164647
0.00002971871638237644
0.00003119126535011674
0.00002954022554604308
0.00002784456306699212
0.00002889319639507448
0.00002869239438041404
0.00002862546024289259
0.00002813461061350608
0.00002913862118703037
0.00002800074255446816
0.00002806767656693410
0.00002840234689074350
0.00002911630990638514
0.00002833541281006546
0.00002849159207016782
0.00002920555534728919
0.00002869239443725746
0.00002998645255729571
0.00002853621496115011
0.00002896013048712120
0.00002929480082229929
0.00002757682691481023
0.00002871470568379664
0.00002804536524081414
0.00002820154470555281
0.00002867008298608198
0.00002896013057807068
0.00002737602479783163
0.00002864777163722465
0.00002853621481335723
0.00002931711205746979
0.00002911630986091041
0.00002784456316931028
0.00002824616732368668
0.00002855852623042665
0.00002697442051839971
0.00002858083760202135
0.00002784456310109817
0.00002882626259861354
0.00003136975608413195
0.00002820154471692149
0.00003012032053675284
0.00002849159219522335
0.00002867008300881935
0.00002880395109059464
0.00002869239425535853
0.00002822385609988487
0.00002916093277463006
0.00002925017797679175
0.00002851390357818673
0.00002864777160311860
0.00002851390356681804
0.00002875932835877393
0.00002759913827503624
0.00002831310146120813
0.00002826847871801874
0.00002815692192825736
0.00002844696959982684
0.00002842465811454531
0.00002771069503069157
0.00002842465806907057
0.00002887088498937374
0.00002824616725547457
0.00002891550792583075
0.00002925017806774122
0.00002773300632270548
0.00002875932841561735
0.00002853621479061985
0.00002880395114743805
0.00002871470560421585
0.00002766607229887086
0.00002793380839420934
0.00002815692197373210
0.00002875932848382945
0.00002896013068038883
0.00002800074242941264
0.00002920555537002656
0.00002873701698717923
0.00002916093258136243
0.00002808998798400353
0.00002965178239264787
0.00002893781918373861
0.00002826847866117532
0.00002835772409071069
0.00002786687437037472
0.00002833541262816652
0.00002808998801810958
0.00002820154459186597
0.00002804536524081414
0.00002891550778940655
0.00002844696948614001
0.00002889319645191790
0.00002677361836731506
0.00002945098019608849
0.00002933942328127159
0.00002846928091457812
0.00003873250125252525
0.00002764376101822563
0.00002795611979991009
0.00002791149718177621
0.00002791149709082674
0.00002835772405660464
0.00002844696959982684
0.00002802305385785075
0.00002896013047575252
0.00002766607221929007
0.00002855852634411349
0.00002829079013508817
0.00002838003548504275
0.00002802305388058812
0.00002846928082362866
0.00002768838356814740
0.00002822385606577882
0.00002844696944066527
0.00002893781914963256
0.00002907168706087759
0.00002860314882582316
0.00002956253692900646
0.00002831310141573340
0.00002779994050570167
0.00002960715963808980
0.00002940635752111120
0.00002869239440315141
0.00002815692198510078
0.00002811229940107296
0.00002793380849652749
0.00002817923331122074
0.00002791149715903885
0.00002793380850789617
0.00002929480064040035
0.00002755451544089738
0.00002675130707530116
0.00002862546028836732
0.00002733140208874830
0.00002813461064761214
0.00002969640486298886
0.00002996414114022628
0.00002842465820549478
0.00003016494341636644
0.00002717522254442883
0.00002853621485883195
0.00002962947081641687
0.00002875932833603657
0.00002697442033650077
0.00002900475311662376
0.00002911630988364777
0.00002887088519401004
0.00002748758141706276
0.00002951791435634733
0.00002867008290650119
0.00002851390356681804
0.00002855852626453270
0.00002911630992912251
0.00002797843109192399
0.00002713060007408785
0.00002764376093864484
0.00002813461051118793
0.00002824616730094931
0.00002867008300881935
0.00002795611984538482
0.00002806767656693410
0.00002775531762608807
0.00002766607240118901
0.00002815692197373210
0.00002846928093731549
0.00002779994035790879
0.00002880395106785727
0.00002784456306699212
0.00002871470569516532
0.00002797843102371189
0.00002927248939386118
0.00002907168729961995
0.00002788918573060073
0.00002896013050985857
0.00002824616734642404
0.00002840234679979404
0.00002898244181324117
0.00002849159213837993
0.00002913862133482326
0.00002849159220659204
0.00002940635746426778
0.00002817923339080153
0.00002867008298608198
0.00002855852627590138
0.00002913862130071721
0.00002918324394158845
0.00002864777168269938
0.00002965178236991051
0.00002838003540546197
0.00002858083769297082
0.00002744295876482283
0.00002904937589391920
0.00002920555534728919
0.00002887088504621715
0.00002833541261679784
0.00002793380851926486
0.00002829079012371949
0.00002793380846242144
0.00002779994030106536
0.00002920555540413261
0.00002945098013924508
0.00002813461052255661
0.00002925017810184727
0.00002873701695307318
0.00002853621490430669
0.00002775531763745676
0.00002829079005550739
0.00002788918591249967
0.00002849159222932940
0.00002757682684659812
0.00002755451538405396
0.00002887088510306057
0.00002884857381104666
0.00002786687442721813
0.00002900475319620455
0.00002864777171680544
0.00002947329152220846
0.00002768838357951608
0.00002902706453369320
0.00002858083760202135
0.00002815692201920683
0.00002706366584561693
0.00002893781920647598
0.00002784456313520423
0.00002835772414755411
0.00002777762895220803
0.00002875932834740524
0.00002706366594793508
0.00002864777150080045
0.00002862546020878654
0.00002838003535998723
0.00002815692193962604
0.00002748758158759301
0.00002887088512579794
0.00002927248946207328
0.00002802305377826997
0.00002918324393021976
0.00002851390364639883
0.00002853621492704406
0.00002753220417162083
0.00002916093263820585
0.00003987037996466825
0.00002902706457916793
0.00002808998793852879
0.00002949560282559105
0.00002829078999866397
0.00002826847875212479
0.00003090121788318356
0.00002925017809047859
0.00003268612558713357
0.00002748758154211828
0.00002771069483742394
0.00002925017812458463
0.00002878163977584336
0.00002900475317346718
0.00002954022555741176
0.00002873701694170449
0.00002791149710219543
0.00002853621485883196
0.00002858083753380924
0.00002938404609267309
0.00002887088513716663
0.00002768838375004634
0.00002831310137025866
0.00002838003550778012
0.00002755451562279632
0.00002947329149947109
0.00002771069498521683
0.00002867008295197593
0.00002753220421709557
0.00002956253698584988
0.00002822385597482935
0.00002824616728958063
0.00002835772414755411
0.00002853621483609459
0.00002728677928871548
0.00002849159197921836
0.00002864777158038123
0.00002820154452365387
0.00002795611991359692
0.00002824616734642404
0.00002793380840557802
0.00002838003547367407
0.00002692979783205374
0.00002873701690759845
0.00002855852623042665
0.00002846928068720445
0.00002927248929154303
0.00002724215664784424
0.00002739833622626975
0.00002784456308972949
0.00002965178248359734
0.00002842465808043926
0.00002855852618495192
0.00002719753389328616
0.00002733140214559171
0.00002757682680112339
0.00002947329161315792
0.00002891550775530050
0.00002666206170260921
0.00002842465806907057
0.00002871470570653401
0.00002806767666925225
0.00002884857365188509
0.00002838003525766908
0.00002833541266227257
0.00002808998784757932
0.00002788918577607547
0.00002945098013924508
0.00002717522252169147
0.00002817923331122074
0.00002784456310109817
0.00002887088503484847
0.00002871470582022084
0.00002849159204743046
0.00002786687442721813
0.00002904937592802526
0.00002815692198510078
0.00002773300618628127
0.00002735371349444904
0.00002748758150801223
0.00002748758151938091
0.00002813461061350608
0.00002742064746144024
0.00002864777159174992
0.00002766607233297691
0.00002864777167133070
0.00002855852624179534
0.00002817923329985206
0.00002804536530902624
0.00002724215660236950
0.00002855852625316402
0.00002838003547367407
0.00002858083760202135
0.00002842465825096951
0.00002851390355544936
0.00002762144949883805
0.00002806767657830278
0.00002804536509302124
0.00002833541277595941
0.00002907168733372600
0.00002871470572927137
0.00002815692182593921
0.00002795611960664246
0.00002833541285554020
0.00002900475329852270
0.00002855852633274480
0.00002822385596346066
0.00002730909080810306
0.00002815692200783815
0.00002904937600760604
0.00002844696952024606
0.00002983027305845098
0.00002831310143847077
0.00002791149709082674
0.00002922786687804546
0.00002902706468148608
0.00002666206158892237
0.00002922786678709599
0.00002864777162585597
0.00002873701703265397
0.00002893781920647598
