0.00000477462872368051
0.00000473000609417795
0.00000448458113169181
0.00000459613784187241
0.00000421684489992913
0.00000430609006798477
0.00000437302423961228
0.00000461844911114895
0.00000446226986241527
0.00000510929903612123
0.00000423915635110461
0.00000461844920209842
0.00000539934590051416
0.00000430609043178265
0.00000443995850218925
0.00000457382648164639
0.00000437302451246069
0.00000430609034083318
0.00000428377888965770
0.00000423915607825620
0.00000490849670313764
0.00000443995813839138
0.00000452920376119437
0.00000432840151916025
0.00000470769473395194
0.00000464076056232443
0.00000430609034083318
0.00000495311951453914
0.00000468538337372593
0.00000446226958956686
0.00000459613765997346
0.00000412759927712614
0.00000430609015893424
0.00000437302451246069
0.00000428377907155664
0.00000439533569078776
0.00000426146743848221
0.00000446226986241527
0.00000426146743848221
0.00000430609024988371
0.00000428377907155664
0.00000443995832029031
0.00000466307192255044
0.00000439533550888882
0.00000443995877503767
0.00000430609006798477
0.00000432840170105919
0.00000430609034083318
0.00000446226968051633
0.00000439533569078776
0.00000432840170105919
0.00000426146771133062
0.00000452920385214384
0.00000452920367024489
0.00000437302433056175
0.00000446226977146580
0.00000423915626015514
0.00000443995859313872
0.00000430609034083318
0.00000414991081925109
0.00000439533559983829
0.00000417222227042657
0.00000410528828069800
0.00000475231736345449
0.00000428377898060717
0.00000419453372160205
0.00000426146780228009
0.00000437302414866281
0.00000414991091020056
0.00000412759964092402
0.00000421684508182807
0.00000417222236137604
0.00000414991091020056
0.00000464076056232443
0.00000426146752943168
0.00000435071287938626
0.00000446226949861739
0.00000426146743848221
0.00000423915598730673
0.00000414991081925109
0.00000414991081925109
0.00000475231727250502
0.00000437302433056175
0.00000426146743848221
0.00000455151503047091
0.00000441764677816536
0.00000426146752943168
0.00000426146771133062
0.00000439533578173723
0.00000441764705101377
0.00000421684526372701
0.00000446226949861739
0.00000439533559983829
0.00000428377870775876
0.00000457382629974745
0.00000448458094979287
0.00000446226986241527
0.00000421684462708072
0.00000417222217947710
0.00000423915653300355
0.00000419453372160205
0.00000421684508182807
0.00000421684489992913
0.00000468538319182699
0.00000426146743848221
0.00000437302442151122
0.00000421684471803019
0.00000432840161010972
0.00000443995786554297
0.00000430608997703530
0.00000423915635110461
0.00000437302442151122
0.00000437302387581440
0.00000459613811472082
0.00000432840151916025
0.00000426146780228009
0.00000432840161010972
0.00000419453353970312
0.00000470769455205300
0.00000435071297033573
0.00000432840151916025
0.00000435071287938626
0.00000414991081925109
0.00000421684489992913
0.00000406066546929651
0.00000428377898060717
0.00000430609034083318
0.00000419453335780417
0.00000437302433056175
0.00000441764677816536
0.00000423915616920567
0.00000430609015893424
0.00000428377888965770
0.00000597944135733996
0.00000443995841123979
0.00000432840142821078
0.00000414991072830162
0.00000439533587268670
0.00000421684471803019
0.00000426146771133062
0.00000448458131359075
0.00000419453363065258
0.00000452920357929543
0.00000459613802377134
0.00000435071269748732
0.00000412759945902508
0.00000426146752943168
0.00000419453363065258
0.00000419453363065258
0.00000439533569078776
0.00000448458131359075
0.00000428377834396088
0.00000448458085884340
0.00000435071297033573
0.00000430609006798477
0.00000441764686911483
0.00000426146743848221
0.00000443995822934085
0.00000441764705101377
0.00000450689267381676
0.00000439533587268670
0.00000426146762038115
0.00000423915653300355
0.00000437302442151122
0.00000435071297033573
0.00000412759945902507
0.00000426146762038115
0.00000435071287938627
0.00000439533559983829
0.00000461844947494683
0.00000428377888965769
0.00000437302423961228
0.00000414991091020056
0.00000417222217947710
0.00000437302442151122
0.00000441764696006430
0.00000461844902019948
0.00000421684471803019
0.00000968312515396974
0.00000419453372160205
0.00000419453353970311
0.00000439533559983829
0.00000441764696006430
0.00000421684489992913
0.00000446226977146580
0.00000446226995336474
0.00000464076056232443
0.00000426146752943168
0.00000441764705101377
0.00000473000582132954
0.00000452920376119437
0.00000457382666354533
0.00000452920367024490
0.00000423915626015514
0.00000435071324318414
0.00000437302442151122
0.00000488618516101269
0.00000459613793282188
0.00000439533532698988
0.00000468538337372592
0.00000430609052273212
0.00000455151521236985
0.00000450689221906941
0.00000428377907155664
0.00000459613765997346
0.00000443995822934084
0.00000437302460341016
0.00000419453344875364
0.00000432840161010972
0.00000473000582132954
0.00000439533550888882
0.00000428377925345558
0.00000452920385214384
0.00000446226958956686
0.00000432840161010972
0.00000417222236137604
0.00000421684462708072
0.00000441764723291271
0.00000439533578173723
0.00000446226968051633
0.00000450689249191782
0.00000439533578173723
0.00000457382629974745
0.00000426146771133062
0.00000423915653300355
0.00000426146762038115
0.00000557783723706961
0.00000426146771133062
0.00000423915635110461
0.00000414991081925109
0.00000412759954997455
0.00000439533578173723
0.00000426146734753274
0.00000439533587268670
0.00000426146743848221
0.00000414991100115003
0.00000452920367024489
0.00000441764696006430
0.00000417222245232551
0.00000414991054640268
0.00000423915644205408
0.00000426146771133062
0.00000448458094979287
0.00000452920367024490
0.00000441764696006430
0.00000417222227042657
0.00000426146752943168
0.00000421684489992913
0.00000452920376119437
0.00000455151521236985
0.00000443995832029031
0.00000419453353970311
0.00000450689240096835
0.00000426146762038115
0.00000408297682952252
0.00000435071278843679
0.00000414991081925109
0.00000441764723291271
0.00000423915607825620
0.00000428377907155664
0.00000432840179200866
0.00000392679739888990
0.00000439533578173723
0.00000443995850218926
0.00000448458122264128
0.00000423915626015514
0.00000435071297033573
0.00000412759936807561
0.00000423915580540779
0.00000426146762038115
0.00000432840170105919
0.00000421684517277754
0.00000421684499087860
0.00000430609006798477
0.00000455151521236985
0.00000452920376119437
0.00000430609006798477
0.00000466307192255044
0.00000432840151916025
0.00000455151521236985
0.00000448458104074234
0.00000428377888965769
0.00000446226986241527
0.00000459613784187240
0.00000513161021444830
0.00000470769464300247
0.00000446226986241527
0.00000446226968051633
0.00000493080797241419
0.00000466307201349991
0.00000470769473395194
0.00000443995850218926
0.00000506467622471973
0.00000421684499087860
0.00000430609015893424
0.00000430609043178265
0.00000435071269748732
0.00000437302414866281
0.00000428377898060717
0.00000439533569078776
0.00000417222217947710
0.00000446226949861739
0.00000470769482490141
0.00000435071315223467
0.00000426146771133062
0.00000459613775092293
0.00000439533587268670
0.00000419453344875364
0.00000435071306128520
0.00000443995841123978
0.00000428377907155663
0.00000452920376119437
0.00000448458094979287
0.00000473000618512742
0.00000426146789322956
0.00000428377907155663
0.00000435071306128520
0.00000412759982282296
0.00000414991100115003
0.00000428377916250611
0.00000443995822934085
0.00000473000573038007
0.00000441764723291271
0.00000430609034083318
0.00000435071287938626
0.00000437302414866281
0.00000421684508182807
0.00000446226949861739
0.00000428377888965770
0.00000468538310087751
0.00000435071297033573
0.00000428377879870823
0.00000497543078381568
0.00000468538328277645
0.00000432840161010972
0.00000428377879870823
0.00000443995841123979
0.00000439533569078776
0.00000426146762038115
0.00000430609043178265
0.00000432840151916025
0.00000443995850218925
0.00000419453381255152
0.00000443995841123979
0.00000466307174065150
0.00000448458104074234
0.00000439533587268670
0.00000475231709060608
0.00000446226977146580
0.00000423915616920567
0.00000421684489992913
0.00000428377888965770
0.00000421684508182807
0.00000435071315223467
0.00000475231745440396
0.00000439533550888882
0.00000794284005678492
0.00000479694017485599
0.00000423915644205408
0.00000430609052273212
0.00000437302396676387
0.00000446226940766792
0.00000428377879870823
0.00000428377916250611
0.00000468538310087752
0.00000464076028947602
0.00000421684499087860
0.00000428377870775875
0.00000450689249191782
0.00000455151521236985
0.00000437302433056175
0.00000430609034083318
0.00000446226977146580
