0.00000858986923049088
0.00001035246586980065
0.00000876835983945057
0.00000881298255990259
0.00000809901957836701
0.00000896916262718150
0.00000876836002134951
0.00000852293514981284
0.00000879067165442393
0.00000885760555320303
0.00000901378443813883
0.00000852293533171178
0.00000986161612672731
0.00000854524651003885
0.00000850062369863735
0.00000894685072125867
0.00000867911467139493
0.00000858986923049088
0.00000858986923049088
0.00000879067110872711
0.00000816595393189346
0.00000823288783067255
0.00000834444417705527
0.00000914765296329279
0.00000865680322021945
0.00000890222800080664
0.00000865680331116891
0.00000850062351673842
0.00000841137853058171
0.00000885760491655674
0.00000841137871248065
0.00000850062378958683
0.00000825519900899963
0.00000823288746687467
0.00000852293487696443
0.00000834444426800474
0.00000867911503519281
0.00000858986923049088
0.00000879067092682817
0.00000885760555320303
0.00000874604875207297
0.00000843368961795932
0.00000854524623719044
0.00000923689794944949
0.00000876836020324845
0.00000863449158714502
0.00000863449176904396
0.00000899147362360963
0.00000821057637949707
0.00000845600088723586
0.00000887991654963116
0.00000894685081220814
0.00000836675571918022
0.00000825519891805015
0.00000823288764877361
0.00000934845502342796
0.00000852293496791390
0.00000841137871248065
0.00000883529419297702
0.00000921458677112241
0.00000847831233841134
0.00000887991673153010
0.00000870142603162094
0.00000892453963388107
0.00000872373720994801
0.00000858986895764247
0.00000836675590107916
0.00000874604902492138
0.00000821057647044654
0.00000865680340211838
0.00000872373711899854
0.00000892453927008319
0.00001008472981993691
0.00000821057647044654
0.00000834444472275209
0.00000887991654963116
0.00000850062388053629
0.00000845600106913480
0.00000941538855840918
0.00000845600116008427
0.00000845600125103374
0.00000970543660514522
0.00000845600143293268
0.00000856755787026486
0.00000843368979985826
0.00000823288792162202
0.00000863449185999343
0.00000856755777931539
0.00000879067138157552
0.00000834444417705527
0.00000865680312926997
0.00000863449140524608
0.00000912534160306677
0.00000892453954293160
0.00000847831261125975
0.00000841137825773330
0.00000905840761333820
0.00000847831261125975
0.00000845600134198321
0.00000883529401107807
0.00000863449213284184
0.00000861218040881795
0.00000923689858609578
0.00000899147371455911
0.00000885760537130409
0.00000834444444990368
0.00000838906707940623
0.00000858986913954141
0.00000854524641908938
0.00000883529392012861
0.00000847831242936081
0.00000854524651003885
0.00000821057619759813
0.00000827751064207405
0.00000843368979985826
0.00000847831261125975
0.00000852293551361072
0.00000865680331116891
0.00000856755768836592
0.00000908071888261475
0.00000827751018732670
0.00000861218049976742
0.00000861218068166636
0.00000896916226338362
0.00000885760528035462
0.00000870142603162094
0.00000863449158714502
0.00000856755796121433
0.00000838906698845676
0.00000836675599202863
0.00000881298301464995
0.00000885760555320303
0.00000854524669193779
0.00000876836038514739
0.00000879067129062605
0.00000916996450541774
0.00000896916226338362
0.00000838906735225464
0.00000836675544633181
0.00000850062342578895
0.00000854524641908938
0.00000852293496791390
0.00000867911476234440
0.00000856755768836592
0.00000856755777931539
0.00000809901957836701
0.00000892453954293160
0.00000874604875207297
0.00000841137834868277
0.00000847831224746187
0.00000885760500750621
0.00000874604866112349
0.00000856755805216380
0.00000872373720994801
0.00000867911476234440
0.00000921458713492029
0.00000841137825773330
0.00000847831252031028
0.00000905840761333820
0.00000838906671560835
0.00000852293542266125
0.00000821057610664866
0.00000879067138157552
0.00000856755805216380
0.00000867911485329387
0.00000934845493247849
0.00000850062424433418
0.00000827751009637723
0.00000852293514981284
0.00000850062388053630
0.00000854524660098832
0.00000834444481370156
0.00000856755768836592
0.00000867911476234440
0.00000867911430759705
0.00000876836020324845
0.00000914765287234331
0.00000899147362360964
0.00001291827093155007
0.00000834444435895421
0.00000896916244528256
0.00000894685063030920
0.00000847831242936081
0.00000832213281682925
0.00000834444444990368
0.00000943770073718042
0.00000879067101777764
0.00000883529419297702
0.00000838906726130517
0.00000843368970890879
0.00000841137825773330
0.00000908071870071581
0.00000850062388053630
0.00000887991664058063
0.00000908071851881687
0.00000850062378958682
0.00000890222836460452
0.00000879067129062605
0.00000841137834868277
0.00000867911458044546
0.00000856755796121433
0.00000892453936103266
0.00000812133102954249
0.00000874604866112349
0.00000852293533171178
0.00000872373730089748
0.00000867911458044546
0.00000867911467139493
0.00000883529410202755
0.00000832213281682925
0.00000854524678288726
0.00000843368970890879
0.00000847831261125975
0.00001026322033794713
0.00000876836002134951
0.00000961619089139276
0.00000843368979985826
0.00000872373730089748
0.00000843368998175720
0.00000832213308967766
0.00000894685090315761
0.00000863449195094290
0.00000870142575877253
0.00000843368989080773
0.00000843368961795932
0.00000883529392012861
0.00000894685108505655
0.00000879067156347446
0.00000867911439854652
0.00000883529428392649
0.00000887991654963116
0.00000887991691342904
0.00000858986895764247
0.00000854524641908938
0.00000847831233841134
0.00000863449158714502
0.00000843368979985826
0.00000841137853058171
0.00000910303024284076
0.00000841137880343013
0.00000807670840003993
0.00000856755805216380
0.00000881298283275100
0.00000852293487696443
0.00000814364238976850
0.00000890222800080664
0.00000879067110872711
0.00000872373757374589
0.00000867911467139493
0.00000910303024284076
0.00000925920958252391
0.00000861218059071689
0.00000879067156347446
0.00000827751036922564
0.00000854524660098832
0.00000823288783067255
0.00000863449213284184
0.00000834444444990368
0.00000861218104546424
0.00000941538892220706
0.00000890222818270559
0.00000845600134198321
0.00000894685099410708
0.00000836675590107916
0.00000874604884302244
0.00000921458722586976
0.00000870142594067147
0.00000887991682247957
0.00000843368979985826
0.00000841137862153118
0.00000903609616216272
0.00000874604866112349
0.00000845600143293268
0.00000850062369863735
0.00000901378471098724
0.00000870142594067147
0.00000896916217243415
0.00000825519928184804
0.00000870142594067147
0.00000845600088723586
0.00000843368952700985
0.00000867911476234440
0.00000883529401107808
0.00000845600097818533
0.00000829982154755271
0.00000825519909994910
0.00000850062369863736
0.00000843368961795932
0.00000865680303832051
0.00000894685063030920
0.00000867911448949599
0.00000845600116008427
0.00000870142603162094
0.00000850062351673842
0.00000834444435895421
0.00000874604902492138
0.00000858986904859194
0.00000841137853058171
0.00000861218031786848
0.00000836675590107916
0.00000899147344171070
0.00000870142612257041
0.00000887991673153010
0.00000845600125103374
0.00000892453917913372
0.00000856755805216380
0.00000825519882710068
0.00000883529382917914
0.00000883529410202755
0.00000821057656139601
0.00000932614384510089
0.00000874604875207297
0.00000838906680655782
0.00000905840788618662
0.00000856755777931539
0.00000899147335076123
0.00000814364238976850
0.00000887991664058063
0.00000883529392012861
0.00000850062397148577
0.00000885760555320303
0.00000832213299872819
0.00000876835974850110
0.00000876835993040004
0.00000858986895764247
0.00000836675562823075
0.00000870142575877253
0.00000896916208148468
0.00000850062397148576
0.00000852293524076231
0.00000883529428392649
0.00000899147325981176
0.00000867911467139493
0.00000899147335076123
0.00000852293505886337
0.00000845600134198321
0.00000838906689750729
0.00000867911467139493
0.00000863449185999343
0.00000827751046017511
0.00000881298274180153
0.00000876835974850110
0.00000809901994216489
0.00000843368998175720
0.00000997317320070579
0.00000847831233841134
0.00000876836020324845
0.00000852293487696443
0.00000914765305424226
0.00000865680303832050
0.00000919227559279534
0.00000827750991447829
0.00000892453945198213
0.00000977237032202538
0.00000865680312926997
0.00000825519909994910
0.00001104411776395864
0.00000870142584972200
0.00000850062397148576
0.00000856755777931539
0.00000850062369863735
0.00000872373739184695
0.00000843368979985826
0.00000885760546225356
0.00001151265569205862
0.00000870142594067147
0.00000852293551361072
0.00000825519909994910
0.00000890222790985717
0.00000879067101777764
0.00000876836002134951
0.00000827751009637723
0.00000901378471098724
