0.00053411137468444762
0.00000937076642728851
0.00000968312530677945
0.00001026322036475624
0.00000872373731020115
0.00000870142596321732
0.00000930383238662569
0.00000850062382669603
0.00000941538912382356
0.00000865680326065377
0.00000874604865844231
0.00001066482464703311
0.00000881298271022679
0.00000896916215210597
0.00000885760539751646
0.00000905840754232834
0.00000863449192577415
0.00000910303022867431
0.00000861218057655044
0.00000847831246836295
0.00000870142596405277
0.00000845600113323908
0.00000901378483821880
0.00000883529406133787
0.00000901378484297055
0.00000905840753497866
0.00000872373729987608
0.00000879067136505540
0.00000876836001533210
0.00000834444438635451
0.00000890222809939445
0.00000825519899885219
0.00000879067136478895
0.00000901378484157167
0.00000872373730615994
0.00000910303023318182
0.00000892453945486871
0.00000883529405162342
0.00000825519898925986
0.00000863449192007870
0.00000885760540130231
0.00000896916214334631
0.00000881298270027919
0.00000870142595799095
0.00000896916214558896
0.00000896916213495302
0.00000858986922285254
0.00000892453944478788
0.00000903609619169465
0.00000845600113286160
0.00000827751033503077
0.00000858986921725702
0.00000901378484519100
0.00000885760540194624
0.00000894685079888546
0.00000892453944563165
0.00000874604865583883
0.00000905840753344655
0.00000856755787288499
0.00000861218056766866
0.00000829982169041621
0.00000881298270001274
0.00000894685079577684
0.00000881298271675490
0.00000930383236967813
0.00000890222810658869
0.00000845600113286160
0.00000867911461139848
0.00000896916215151755
0.00000865680326942453
0.00000881298270432040
0.00000934845507742921
0.00000814364224912545
0.00000818826494457525
0.00000854524652158517
0.00000921458697829003
0.00000910303024004300
0.00000867911460926685
0.00000867911462099080
0.00000885760540936253
0.00000879067136398959
0.00000858986921112859
0.00000858986922356309
0.00000852293517956682
0.00000896916213872778
0.00000865680326764817
0.00000903609618316814
0.00000858986921787874
0.00000829982167265264
0.00000856755786626806
0.00000883529405624195
0.00000883529405353300
0.00000890222809117880
0.00000905840754157339
0.00000972774800125364
0.00000910303024017622
0.00000881298269801434
0.00000890222811262831
0.00000914765294259823
0.00000863449190520171
0.00000863449192110011
0.00000919227562556912
0.00000861218057268687
0.00000867911461277515
0.00000832213303683105
0.00000852293517015212
0.00000876836000909265
0.00000836675573152590
0.00000850062382582451
0.00000883529406090489
0.00000937076641731593
0.00000863449191781385
0.00000879067135475253
0.00000836675573152590
0.00000916996429456418
0.00000881298269792552
0.00000836675573676615
0.00000912534159356326
0.00000847831246355568
0.00000887991675000421
0.00000854524651838773
0.00000812133089462819
0.00000883529406507932
0.00000879067135723943
0.00000850062383257466
0.00000865680326747054
0.00000852293517663583
0.00000901378483879611
0.00000876836000935910
0.00000863449192287646
0.00000850062382067307
0.00000894685080448099
0.00000863449192269883
0.00000854524652345035
0.00000852293517201730
0.00000876836000838210
0.00000874604866822892
0.00000861218056922297
0.00000946001181381106
0.00000896916214676580
0.00000894685080519153
0.00000883529405619754
0.00000867911462085758
0.00000879067135794998
0.00000874604866574202
0.00000852293517246139
0.00000894685080075064
0.00000896916214605525
0.00000843368977996306
0.00000881298270600794
0.00000872373731874987
0.00000856755787204122
0.00000901378484012838
0.00000874604866707429
0.00000894685080075064
0.00000867911462298920
0.00000905840754619192
0.00000874604866307749
0.00000847831247536846
0.00000879067136407841
0.00000950463452307204
0.00000858986921112859
0.00000892453944860705
0.00000941538912275775
0.00000861218058263447
0.00000890222810516761
0.00000914765292945319
0.00000854524653339794
0.00000899147349766594
0.00000887991674982658
0.00000847831247394737
0.00000850062383044303
0.00000845600113121847
0.00000894685080270463
0.00000856755787497221
0.00000899147348674134
0.00000939307777612086
0.00000861218056602553
0.00001236048713950666
0.00000923689832585950
0.00000872373729965403
0.00000863449191914611
0.00000854524652114108
0.00000912534159960288
0.00000914765293460462
0.00000863449192003429
0.00000932614372413099
0.00000836675572895018
0.00000990623879832953
0.00000870142596749446
0.00000948232316480002
0.00000905840754414911
0.00000903609617672885
0.00000854524651519029
0.00000847831248549369
0.00000834444438400084
0.00000858986922338545
0.00000874604865632733
0.00000850062383257466
0.00000899147349038287
0.00000854524652513788
0.00000914765294091069
0.00000854524651945354
0.00000894685079639857
0.00000896916214703225
0.00000914765292829855
0.00000823288765108288
0.00000914765294410813
0.00000858986921503657
0.00000887991674911604
0.00000879067136949629
0.00000912534158672429
0.00000919227563862535
0.00000865680327066798
0.00000894685078893786
0.00000903609618490009
0.00000925920968057881
0.00000856755787008723
0.00000910303024799219
0.00000850062382777850
0.00000856755787470576
0.00000894685079995128
0.00000838906707762988
0.00000863449191044197
0.00000863449192785026
0.00000872373732185849
0.00000845600113148493
0.00000896916214152554
0.00000912534158246103
0.00000914765293860142
0.00000899147350921226
0.00000887991675249111
0.00000861218058147983
0.00000887991675515565
0.00000847831247074993
0.00000879067135493017
0.00000883529405637518
0.00000850062381996253
0.00000876836000323067
0.00000899147349766594
0.00000861218056957824
0.00000901378484687854
0.00000841137843341500
0.00000892453945713356
0.00000863449191044197
0.00000946001180928135
0.00000905840754974463
0.00000870142598383694
0.00000923689832781349
0.00000876836000927028
0.00000905840754601428
0.00000856755786688979
0.00000916996428852457
0.00000850062381800853
0.00000847831247394737
0.00000867911461188697
0.00000879067135741707
0.00000905840755187626
0.00000885760540079161
0.00000894685080083946
0.00000908071888456874
0.00000910303022685355
0.00000829982168806253
0.00000919227563418446
0.00000946001181638678
0.00000928152102108726
0.00000887991674964894
0.00000861218057117696
0.00000930383237722765
0.00000890222810614460
0.00000937076641527312
0.00000872373731155562
0.00000863449191470522
0.00000887991675160293
0.00000823288764291164
0.00000914765293966724
0.00000870142597122481
0.00000896916214951915
0.00000870142596554047
0.00000847831247607900
0.00000841137842986228
0.00000870142596749446
0.00000896916214063737
0.00000925920967169702
0.00000852293517841218
0.00000908071888794382
0.00000899147348452090
0.00000843368978653558
0.00000858986921077332
0.00000892453945091631
0.00000854524652993405
0.00000981699340805164
0.00000870142596944845
0.00000921458698570632
0.00000865680325450313
0.00000854524652442734
0.00000894685079835256
0.00000899147348238927
0.00000856755786848851
0.00000894685080048418
0.00000905840754175102
0.00000946001182153822
0.00000843368978546977
0.00000865680326267437
0.00000865680326036511
0.00000905840754672482
0.00000865680325841112
0.00000894685079249058
0.00000914765292616693
0.00000870142596109957
0.00000883529406667805
0.00000874604865401807
0.00000847831246861830
0.00000858986922018801
0.00000921458698091016
0.00000870142596482992
0.00000908071888687800
0.00000894685078627333
0.00000876836001317827
0.00001044171115491821
0.00000867911462236748
0.00000914765294393050
0.00000903609620994672
0.00000885760541287084
0.00000890222809974972
0.00000838906708295895
0.00000863449190813270
0.00000881298271746545
0.00000916996428887984
0.00000899147349020524
0.00000892453944825178
0.00000905840754086284
0.00000841137843696771
0.00000861218058396673
0.00000977237069363923
0.00000901378485735904
0.00000896916214561117
0.00000874604864744555
0.00000832213304384766
0.00000863449191417231
0.00000876836001015846
0.00000856755786866614
0.00000876836000305303
0.00000896916215413768
0.00000872373731617415
0.00000874604867213691
0.00000836675574387158
0.00000867911460709081
0.00000829982169232579
0.00000863449192038956
0.00000854524652211808
0.00000856755786795560
0.00000870142596554047
0.00000872373731226617
0.00000903609618490009
0.00000845600113201783
0.00001200350556018748
0.00000841137842613193
0.00000852293516047098
0.00000923689832816876
0.00000916996428284023
0.00000948232316151376
0.00000903609618649881
0.00000890222810987495
0.00000908071889806905
0.00000890222810152608
0.00000932614372270990
0.00000879067136416722
0.00000914765294641740
0.00000896916214934151
0.00000914765293504871
0.00000825519898270954
0.00000834444437742832
