0.00000858986925322824
0.00001108874021156225
0.00000941538920642415
0.00000937076640639134
0.00000892453946335081
0.00000986161612672731
0.00000850062374411209
0.00000905840746554532
0.00000883529401107808
0.00000856755785889618
0.00000867911460318283
0.00000841137851921303
0.00000850062382369288
0.00000823288760329888
0.00000858986910543536
0.00000832213297599083
0.00000838906697708808
0.00000850062390327366
0.00000890222810312480
0.00001077638137303438
0.00000881298279864495
0.00000832213306694030
0.00000874604869522955
0.00000968312530176263
0.00001160190123528082
0.00000847831246346686
0.00000847831248620423
0.00000865680324295681
0.00000870142596340884
0.00000872373718721064
0.00000852293513844415
0.00000818826497379632
0.00000816595352262084
0.00000841137843963224
0.00000854524645319543
0.00000894685075536472
0.00000881298261674601
0.00000858986910543536
0.00000854524649867017
0.00000883529406792150
0.00000843368977712089
0.00000858986932144035
0.00000829982166123955
0.00000879067141568157
0.00000838906714761833
0.00000829982171808297
0.00000863449188273080
0.00000834444442716631
0.00000861218062482294
0.00000879067123378263
0.00000832213315788977
0.00000850062368726867
0.00000816595362493899
0.00000861218060208557
0.00000870142588382805
0.00000832213312378371
0.00000896916224064626
0.00000892453942924476
0.00000867911455770809
0.00000863449190546817
0.00000854524649867017
0.00000841137843963225
0.00000870142584972200
0.00000836675576465495
0.00000852293530897441
0.00000941538918368678
0.00000872373738047827
0.00000847831252031028
0.00000858986915091009
0.00000854524649867017
0.00000885760531446067
0.00000823288752371809
0.00000854524653277622
0.00000836675569644285
0.00000850062381232419
0.00000854524663509437
0.00000838906703393150
0.00000850062373274341
0.00000881298259400865
0.00000850062384643024
0.00000856755797258302
0.00000887991681111089
0.00000850062390327366
0.00000850062382369288
0.00000850062374411209
0.00000854524657825095
0.00000876835997587477
0.00000850062374411209
0.00000834444432484815
0.00000896916218380284
0.00000850062382369288
0.00000843368969754010
0.00000832213312378371
0.00000829982162713350
0.00000850062382369288
0.00000852293528623704
0.00000841137856468777
0.00000843368978848957
0.00000847831256578502
0.00000850062375548077
0.00000865680319748208
0.00000881298262811470
0.00000867911459181414
0.00000881298279864495
0.00000870142580424726
0.00000863449203052369
0.00000836675574191759
0.00000852293525213099
0.00000856755789300223
0.00000883529418160833
0.00000836675569644285
0.00000865680336801233
0.00000892453945198213
0.00000883529389739124
0.00000847831240662344
0.00000872373739184695
0.00000834444437032289
0.00000814364211692009
0.00000845600102366006
0.00000827751023280143
0.00000892453942924476
0.00000883529409065886
0.00000874604870659823
0.00000845600113734690
0.00000879067146115631
0.00000890222818270559
0.00000883529404518413
0.00000887991670879274
0.00000852293513844415
0.00000852293526349968
0.00000867911468276361
0.00000832213296462214
0.00000863449176904396
0.00000894685074399604
0.00000874604858154271
0.00000850062397148577
0.00000856755785889618
0.00000852293510433810
0.00000903609621900614
0.00000861218051113610
0.00000834444447264104
0.00000885760554183435
0.00000876836004408688
0.00000832213294188477
0.00000858986923049088
0.00000838906706803755
0.00000887991675426747
0.00000867911466002624
0.00000845600120555901
0.00000863449191683685
0.00000852293509296942
0.00000863449203052369
0.00000836675586697311
0.00000834444437032289
0.00000892453955430028
0.00000847831246346686
0.00000845600110324085
0.00000921458704397082
0.00000879067148389367
0.00000829982159302745
0.00000825519907721173
0.00000905840761333821
0.00000861218048839874
0.00000838906704530018
0.00000874604855880534
0.00000821057623170418
0.00000838906711351228
0.00000832213308967766
0.00000850062378958682
0.00000872373717584196
0.00000885760554183435
0.00000883529399970939
0.00000861218045429268
0.00000905840752238873
0.00000854524651003885
0.00000838906709077492
0.00000847831233841134
0.00000843368983396431
0.00001253897784181390
0.00000852293530897441
0.00000818826481463475
0.00000943770046433201
0.00000908071884850870
0.00000890222804628138
0.00000850062381232419
0.00000883529406792150
0.00000883529403381544
0.00000872373731226617
0.00000876836007819293
0.00000861218051113610
0.00000885760546225356
0.00000890222811449348
0.00000858986920775351
0.00000887991682247957
0.00000899147350992280
0.00000881298283275100
0.00000845600108050348
0.00000867911452360204
0.00000852293514981284
0.00000863449196231159
0.00000856755789300223
0.00000896916220654020
0.00000899147344171070
0.00000845600123966506
0.00000883529404518413
0.00000874604877481033
0.00000872373736910959
0.00000865680314063866
0.00000829982157029008
0.00000896916213832810
0.00000867911463728888
0.00000865680323158813
0.00000847831238388608
0.00000847831246346686
0.00000874604869522955
0.00000834444448400973
0.00000883529406792150
0.00000870142598614621
0.00000854524644182675
0.00000841137839415751
0.00000874604874070428
0.00000863449192820553
0.00000845600123966506
0.00000843368966343405
0.00000874604866112349
0.00000838906704530018
0.00000919227547910850
0.00000861218053387347
0.00000834444440442894
0.00000861218073850978
0.00000861218047703005
0.00000825519897489357
0.00000858986920775351
0.00000809901958973569
0.00000865680342485575
0.00000836675574191759
0.00000874604850196192
0.00000903609630995561
0.00000872373722131670
0.00000823288763740493
0.00000858986913954141
0.00000876836000998082
0.00000865680324295681
0.00001046402257998125
0.00000809901960110437
0.00000856755796121433
0.00000896916201327258
0.00000863449189409948
0.00000816595370451978
0.00000879067127925737
0.00000879067132473210
0.00000823288762603625
0.00000975005939380935
0.00001146803326719237
0.00000916996426667538
0.00000858986899174852
0.00000854524657825095
0.00000841137836005146
0.00000914765298603015
0.00000881298275317022
0.00000957156856884467
0.00000832213298735951
0.00000854524645319543
0.00000814364209418272
0.00000856755785889618
0.00000861218067029768
0.00000814364220786956
0.00000847831255441633
0.00000919227545637114
0.00000865680326569418
0.00000903609610531930
0.00000872373733500354
0.00000843368984533299
0.00000834444451811578
0.00000861218049976742
0.00000950463455637873
0.00000858986921912219
0.00000874604844511850
0.00000881298268495811
0.00000852293509296942
0.00000874604874070428
0.00000838906714761833
0.00000834444439306026
0.00000841137840552619
0.00000870142595204015
0.00000847831252031028
0.00000841137850784435
0.00000879067140431289
0.00000883529419297702
0.00000892453947471950
0.00000885760557594040
0.00000829982168397691
0.00000843368965206537
0.00000874604863838613
0.00000908071888261475
0.00000863449185999343
0.00000856755789300223
0.00000841137853058171
0.00000845600104639743
0.00000827751049428116
0.00000861218067029768
0.00000876836015777371
0.00001213737353964461
0.00000823288762603625
0.00000847831234978003
0.00000876836006682424
0.00000865680323158813
0.00000852293501338863
0.00000892453939513871
0.00000850062373274341
0.00000899147341897333
0.00000867911469413230
0.00000876835997587477
0.00000883529384054782
0.00000901378490425486
0.00000966081412343556
0.00000854524655551359
0.00000867911458044546
0.00000879067139294421
0.00000921458695302135
0.00000883529406792150
0.00000861218054524215
0.00000903609624174351
0.00000834444434758552
0.00000850062380095551
0.00000858986923049088
0.00000814364225334430
0.00000827751042606906
0.00000872373716447328
0.00000890222808038743
0.00000856755783615881
0.00000885760546225356
0.00000879067151799973
0.00000847831234978003
0.00000834444441579762
0.00000896916202464126
0.00000881298268495812
0.00000843368957248458
0.00000845600092134191
0.00000858986934417771
0.00000999548427671471
0.00000870142591793410
0.00000867911464865756
0.00000872373719857933
0.00000874604869522955
0.00000879067137020684
0.00000916996426667538
0.00000879067154073709
0.00000843368976575221
0.00000901378484741144
0.00000881298279864495
0.00000885760523487988
0.00000845600096681665
0.00000901378474509329
0.00000865680333390628
0.00000852293513844415
0.00001135647636374415
0.00000870142598614621
0.00000856755782479013
0.00000845600114871559
0.00000876836008956161
0.00000852293514981284
0.00000841137845100093
0.00000829982170671428
0.00000843368969754010
0.00000827751038059432
0.00000821057631128497
0.00000850062388053630
0.00000852293524076231
0.00000861218054524215
0.00000852293522939362
0.00000899147343034201
0.00000832213298735951
