0.00000950463451830173
0.00000470769456381997
0.00000508698748442615
0.00000513161017183794
0.00000432840163097914
0.00000452920376583510
0.00000542165772877134
0.00000479693994729913
0.00000497543073847972
0.00000475231726601022
0.00000515392153277450
0.00000475231725263203
0.00000464076052184570
0.00000443995837738909
0.00000464076051296392
0.00000437302432774178
0.00000457382645643323
0.00000488618535595675
0.00000457382647138793
0.00000432840162434278
0.00000455151512037677
0.00000421684489497753
0.00000461844916435083
0.00000486387400331356
0.00000432840163262504
0.00000459613780257051
0.00000481925129598437
0.00000423915624312432
0.00000468538320868017
0.00000459613780778856
0.00000443995837999811
0.00000473000592366990
0.00000466307186219872
0.00000448458108459615
0.00000439533567802019
0.00000466307186433035
0.00000441764703515979
0.00000452920376523558
0.00000441764702521219
0.00000441764703540404
0.00000481925129458549
0.00000439533567766492
0.00000455151512499530
0.00000443995836614253
0.00000452920377376209
0.00000461844915913279
0.00000446226971866359
0.00000421684488998153
0.00000455151512688268
0.00000450689243227664
0.00000421684488571827
0.00000421684489140261
0.00000473000590801575
0.00000461844916754828
0.00000461844916124221
0.00000446226972603547
0.00000441764703680292
0.00000435071299595968
0.00000423915624030435
0.00000412759951160524
0.00000441764702188152
0.00000464076050645801
0.00000475231725771685
0.00000531010097883922
0.00000515392153452865
0.00000473000591467709
0.00000423915623284365
0.00000450689242943447
0.00000437302433842213
0.00000461844915951026
0.00000464076050885609
0.00000486387399454280
0.00000419453355253729
0.00000435071297744116
0.00000428377893304521
0.00000426146760137414
0.00000430609028341244
0.00000437302432594322
0.00000437302432740871
0.00000497543073589846
0.00000430609029207218
0.00000426146759195944
0.00000437302432572117
0.00000493080804169210
0.00000428377894365894
0.00000459613781891299
0.00000435071298885426
0.00000524316693168991
0.00000448458108377459
0.00000421684488292051
0.00000441764702188152
0.00000439533567728745
0.00000461844916515019
0.00000446226971959618
0.00000466307186002268
0.00000477462859347355
0.00000428377893406662
0.00000443995838530498
0.00000428377893619824
0.00000448458107511485
0.00000417222219484259
0.00000428377893451071
0.00000439533568439288
0.00000468538321776180
0.00000437302433056175
0.00000437302432443332
0.00000450689242121882
0.00000464076050370465
0.00000450689242086355
0.00000473000590091033
0.00000486387399449839
0.00000419453354503219
0.00000452920377087551
0.00000455151511005169
0.00000466307184749937
0.00000464076052280049
0.00000464076051125417
0.00000459613781913504
0.00000448458105992699
0.00000439533568261652
0.00000423915623812832
0.00000455151511999929
0.00000448458107564775
0.00000430609029047346
0.00000430609028789774
0.00000426146758369939
0.00000524316691787874
0.00000439533566733985
0.00000450689242841307
0.00000441764703520420
0.00000423915622462800
0.00000455151513172325
0.00000417222218942470
0.00000457382647249815
0.00000437302432594322
0.00000479693995085739
0.00000426146759808788
0.00000430609028478912
0.00000499774208204684
0.00000439533567053729
0.00000443995837819955
0.00000432840164217296
0.00000468538321234391
0.00000461844917918341
0.00000502005344076295
0.00000432840162600812
0.00000435071297868461
0.00000497543072954798
0.00000450689242654789
0.00000457382646104065
0.00000448458106676597
0.00000470769455782616
0.00000479693997004205
0.00000441764702658887
0.00000432840163675508
0.00000455151513101271
0.00000437302433455855
0.00000421684488713936
0.00000473000591316719
0.00000441764702845404
0.00000477462860670741
0.00000419453354671973
0.00000432840161934678
0.00000446226972279362
0.00000446226972981023
0.00000477462860430933
0.00000466307185043036
0.00000448458108204264
0.00000459613782304302
0.00000508698748555858
0.00000446226971311248
0.00000423915623954940
0.00000441764703582592
0.00000488618536076402
0.00000452920377398414
0.00000435071296855938
0.00000488618535996466
0.00000441764702996394
0.00001010704092356818
0.00000484156264928259
0.00000448458108124328
0.00000430609028470030
0.00000419453353659449
0.00000448458106951932
0.00000495311939445742
0.00000455151510978524
0.00000437302432612086
0.00000452920376261545
0.00000446226973389585
0.00000428377893983978
0.00000461844916097576
0.00000441764701806235
0.00000475231726930758
0.00000435071298028333
0.00000497543074828854
0.00000455151511395968
0.00000452920376439181
0.00000439533567515582
0.00000443995837553501
0.00000481925129296457
0.00000412759949703911
0.00000450689241944246
0.00000466307185860160
0.00000452920377220778
0.00000470769455134246
0.00000461844916870291
0.00000441764703111858
0.00000461844916461729
0.00000452920377274069
0.00000490849669567694
0.00000423915625020754
0.00000464076051773787
0.00000461844915911058
0.00000423915623173343
0.00000446226972385944
0.00000776434932365788
0.00000464076052129059
0.00000452920376172727
0.00000479693995227848
0.00000421684489104734
0.00000439533568652450
0.00000457382647827131
0.00000423915624097049
0.00000421684489744223
0.00000464076052661966
0.00000439533568226125
0.00000466307186570702
0.00000441764702330261
0.00000441764702738823
0.00000430609028345685
0.00000484156265372349
0.00000423915623795068
0.00000450689242370572
0.00000488618534895124
0.00000437302433304865
0.00000441764702898695
0.00000479693994961394
0.00000419453354929544
0.00000426146758574220
0.00000443995838779188
0.00000421684488642882
0.00000439533567977435
0.00000426146759178181
0.00000446226972634633
0.00000446226973167541
0.00000506467614247441
0.00000448458107626948
0.00000441764702650005
0.00000473000590144323
0.00000435071297797407
0.00000481925129154348
0.00000466307187281245
0.00000437302432807485
0.00000437302432061415
0.00000459613781984558
0.00000441764703040803
0.00000439533567302419
0.00000441764703165148
0.00000441764703484893
0.00000481925130078054
0.00000499774210531711
0.00000417222219368796
0.00000484156265070368
0.00000459613781345070
0.00000493080804542245
0.00000508698748760139
0.00000468538320568257
0.00000455151511999929
0.00000519854423473021
0.00000493080803796175
0.00000457382646317228
0.00000439533568190598
0.00000430609028576612
0.00000455151511218332
0.00000443995837855482
0.00000430609027528561
0.00000432840163426817
0.00000464076050974427
0.00000493080805057389
0.00000464076050867845
0.00000470769457034947
0.00000441764704071090
0.00000495311939214815
0.00000448458106667715
0.00000473000590162087
0.00000455151511484786
0.00000423915623635196
0.00000457382646459337
0.00000470769455507281
0.00000464076052626439
0.00000426146758165657
0.00000443995837144939
0.00000443995837802191
0.00000426146759995305
0.00000515392152600214
0.00000441764701903935
0.00000475231725527436
0.00000435071297317790
0.00000437302433464737
0.00000448458107449312
0.00000452920376581289
0.00000430609029464790
0.00000461844916479492
0.00000421684489158025
0.00000439533568759032
0.00000466307186979264
0.00000475231724976766
0.00000430609028470030
0.00000446226972936614
0.00000502005343339107
0.00000479693995583119
0.00000510929883290601
0.00000435071298667822
0.00000475231726113634
0.00000443995836860722
0.00000446226972812269
0.00000457382647738313
0.00000441764703253966
0.00000448458107165095
0.00000443995838157463
0.00000446226972314889
0.00000477462862047417
0.00000450689242832425
0.00000432840163373527
0.00000466307185753578
0.00000430609029518081
0.00000446226972172781
0.00000443995838601552
0.00000466307186819392
0.00000457382646334992
0.00000450689241517921
0.00000435071299218492
0.00000473000590304196
0.00000466307186357540
0.00000457382645873139
0.00000479693995334429
0.00000477462860999367
0.00000464076050636919
0.00000432840163107073
0.00000457382646992244
0.00000441764703218439
0.00000437302432487741
0.00000450689243205460
0.00000522085558252172
0.00000479693996595643
0.00000435071297726353
0.00000443995837517974
0.00000432840162734038
0.00000430609028096995
0.00000426146759338053
0.00000419453355107180
0.00000450689241766611
0.00000477462859684863
0.00000455151512550600
0.00000473000589735761
0.00000484156264803914
0.00000876836001832970
0.00000421684488784990
0.00000435071299662582
0.00000435071298401368
0.00000464076050121775
0.00000432840162432058
0.00000446226972545816
0.00000419453353721622
0.00000461844916461729
0.00000426146757757095
0.00000450689242761371
0.00000475231726113634
0.00000450689242033064
0.00000455151512657181
0.00000459613782144430
0.00000459613779746348
0.00000450689242192936
