0.00000838906707940623
0.00000963850261541665
0.00000883529410202755
0.00000941538910410600
0.00000845600116008427
0.00000850062397148577
0.00000870142557687359
0.00000901378507478512
0.00000847831252031028
0.00000899147307791282
0.00000838906698845676
0.00000879067092682817
0.00000896916235433309
0.00000829982172945165
0.00000883529401107808
0.00000823288764877361
0.00000843368952700985
0.00000934845538722584
0.00000861218049976742
0.00000885760537130409
0.00000843368961795932
0.00000883529419297702
0.00000870142594067147
0.00000858986904859194
0.00000861218077261583
0.00000901378525668406
0.00000850062369863735
0.00000883529401107808
0.00000856755814311327
0.00000874604866112350
0.00000881298274180153
0.00000823288746687467
0.00000841137862153118
0.00000890222790985717
0.00000852293496791390
0.00000852293533171178
0.00000856755787026486
0.00000832213308967766
0.00000847831252031028
0.00000836675553728128
0.00000919227541089640
0.00000867911485329387
0.00000821057647044654
0.00000863449204189237
0.00000834444426800474
0.00000903609625311219
0.00000883529364728020
0.00000865680331116892
0.00000876836002134951
0.00000887991627678275
0.00000861218077261583
0.00000865680322021945
0.00000894685035746079
0.00000899147335076123
0.00000836675562823075
0.00000863449176904396
0.00000836675590107916
0.00000834444435895421
0.00000879067119967658
0.00000841137862153119
0.00000861218059071689
0.00000829982163850218
0.00000843368998175720
0.00000823288755782414
0.00000823288764877361
0.00000829982163850218
0.00000854524632813991
0.00000829982172945165
0.00000843368989080773
0.00000856755777931539
0.00000870142594067147
0.00000887991654963116
0.00000827751046017511
0.00000881298283275100
0.00000861218049976742
0.00000847831242936081
0.00000836675571918022
0.00000852293542266125
0.00000852293524076231
0.00000847831233841134
0.00000829982136565377
0.00000867911448949599
0.00000829982182040112
0.00000874604902492138
0.00000845600143293268
0.00000847831270220922
0.00000854524660098832
0.00000863449195094290
0.00000821057583380025
0.00000863449176904396
0.00000858986913954141
0.00000858986932144035
0.00000827751055112458
0.00000843369007270667
0.00000852293524076231
0.00000876836020324845
0.00000834444426800474
0.00000861218059071689
0.00000836675608297810
0.00000896916162673733
0.00000890222809175612
0.00000829982145660324
0.00000836675581012969
0.00000885760564415250
0.00000838906717035570
0.00000879067138157552
0.00000887991691342904
0.00000867911467139493
0.00000807670830909046
0.00000881298274180153
0.00000858986932144035
0.00000858986941238982
0.00000829982182040112
0.00000836675599202863
0.00000832213308967766
0.00000854524651003885
0.00000852293542266125
0.00000863449176904396
0.00000841137816678383
0.00000870142621351988
0.00000870142603162094
0.00000861218059071689
0.00000874604838827509
0.00000872373720994801
0.00000845600125103374
0.00000863449204189237
0.00000872373711899854
0.00000847831270220922
0.00000879067119967658
0.00000827751046017511
0.00000863449195094290
0.00000823288783067255
0.00000841137853058171
0.00000823288773972308
0.00000883529419297702
0.00000858986932144035
0.00000823288764877361
0.00000874604893397190
0.00000850062397148577
0.00000847831224746187
0.00000825519909994909
0.00000872373702804907
0.00000823288728497573
0.00000829982145660324
0.00000847831252031028
0.00000863449213284184
0.00000854524669193779
0.00000852293542266125
0.00000863449149619555
0.00000876835993040004
0.00000856755796121433
0.00000850062424433418
0.00000847831252031028
0.00000883529382917914
0.00000850062406243524
0.00000843368979985826
0.00000827751064207405
0.00000829982154755271
0.00000821057628854760
0.00000867911458044546
0.00000854524596434203
0.00000863449185999343
0.00000841137843963224
0.00000845600134198321
0.00000841137816678383
0.00000852293496791390
0.00000872373711899854
0.00000919227577469428
0.00000872373775564483
0.00000832213281682925
0.00000852293487696443
0.00000887991682247957
0.00000854524660098832
0.00000832213336252607
0.00000847831224746187
0.00000854524651003885
0.00000867911485329387
0.00000867911476234440
0.00001302982745983172
0.00000823288783067255
0.00000863449195094290
0.00000890222781890770
0.00000832213290777872
0.00000872373720994801
0.00000852293514981284
0.00000903609625311219
0.00000841137825773331
0.00000845600116008427
0.00000887991682247957
0.00000870142584972200
0.00000885760573510197
0.00000937076629270450
0.00000896916262718150
0.00000825519891805015
0.00000847831242936081
0.00000865680312926997
0.00000858986923049087
0.00000876835974850110
0.00000876836011229898
0.00000870142621351988
0.00000858986932144035
0.00000850062378958682
0.00000874604875207297
0.00000847831242936081
0.00000832213299872820
0.00000874604884302244
0.00000872373702804907
0.00000872373730089748
0.00000865680322021945
0.00000879067156347446
0.00000832213308967766
0.00000858986913954140
0.00000867911476234440
0.00000881298283275100
0.00000883529364728020
0.00000876835993040004
0.00000845600097818533
0.00000825519882710068
0.00002130733773810789
0.00000867911458044546
0.00000832213281682925
0.00000896916217243415
0.00000921458713492029
0.00000865680331116891
0.00000836675562823075
0.00000881298246895312
0.00000836675599202863
0.00000885760518940515
0.00000858986904859194
0.00000852293533171178
0.00000818826511022053
0.00000879067119967658
0.00000879067147252499
0.00000854524641908938
0.00000850062397148577
0.00000836675590107916
0.00000856755814311327
0.00000867911494424334
0.00000838906689750729
0.00000823288773972308
0.00000838906698845676
0.00000854524660098832
0.00000832213308967766
0.00000865680322021945
0.00000850062369863736
0.00000854524669193779
0.00000852293496791390
0.00000872373720994801
0.00000874604884302244
0.00000841137816678384
0.00000883529419297702
0.00000845600079628639
0.00000856755777931539
0.00000843368979985826
0.00000894685090315761
0.00000834444426800474
0.00000843368961795932
0.00000858986904859194
0.00000854524632813991
0.00000850062351673842
0.00000867911448949599
0.00000841137871248065
0.00000879067110872711
0.00000874604847922456
0.00000856755768836592
0.00000879067129062605
0.00000876835974850110
0.00000845600134198321
0.00000988392766885227
0.00000856755787026486
0.00000858986932144035
0.00000845600106913480
0.00000856755787026486
0.00000850062388053630
0.00000829982172945165
0.00000905840788618662
0.00000865680312926997
0.00000825519873615121
0.00000870142603162094
0.00000841137834868277
0.00000847831261125975
0.00000883529401107808
0.00000827751027827617
0.00000861218086356530
0.00000858986904859194
0.00000856755796121434
0.00000876835983945057
0.00000843369016365614
0.00000876835974850110
0.00000845600106913480
0.00000865680303832050
0.00000816595365904504
0.00000865680312926997
0.00000881298283275100
0.00000841137834868277
0.00000854524651003885
0.00000863449204189237
0.00001015166371871601
0.00000865680358401732
0.00000852293487696443
0.00000885760555320303
0.00000845600116008427
0.00000872373739184695
0.00000899147325981176
0.00000829982172945165
0.00000854524660098832
0.00000829982172945165
0.00000825519928184804
0.00000883529419297702
0.00000894685072125867
0.00000934845502342796
0.00000901378498383565
0.00000841137843963224
0.00000861218031786848
0.00000861218059071689
0.00000870142612257041
0.00000861218049976742
0.00000816595347714610
0.00000870142566782306
0.00000863449167809449
0.00000854524651003885
0.00000881298255990259
0.00000861218059071689
0.00000850062388053630
0.00000879067147252499
0.00000858986923049088
0.00000874604866112349
0.00000876836020324845
0.00000823288746687467
0.00000858986923049088
0.00000865680349306785
0.00000854524660098832
0.00000879067138157552
0.00000852293505886337
0.00000854524623719044
0.00000854524651003885
0.00000899147353266017
0.00000941538901315653
0.00000872373730089748
0.00000876836002134951
0.00000852293514981284
0.00000809901966931648
0.00000845600097818533
0.00000858986932144035
0.00000836675608297810
0.00000856755777931539
0.00000823288773972308
0.00000872373720994801
0.00000887991654963116
0.00000829982191135059
0.00000829982172945165
0.00000885760546225356
0.00000863449195094290
0.00000829982145660324
0.00000856755777931539
0.00000910303033379023
0.00001140109907282749
0.00000827751000542776
0.00000834444417705527
0.00000852293496791390
0.00000852293524076231
0.00000867911467139493
0.00000834444426800474
0.00000892453917913372
0.00000867911467139493
0.00000921458704397082
0.00000854524660098832
0.00000870142584972200
0.00000896916217243415
0.00000977237050392432
0.00000887991664058063
0.00000930383221202646
0.00000867911439854652
