0.00000495311938948362
0.00000466307183160097
0.00000461844917936105
0.00000517623288374125
0.00000437302433624609
0.00000443995837713373
0.00000437302433056175
0.00000484156265088132
0.00000419453351696575
0.00000423915625447080
0.00000435071299875744
0.00000426146760332813
0.00000479693997021968
0.00000435071297602008
0.00000450689240665270
0.00000426146759195944
0.00000490849669176896
0.00000426146758059076
0.00000484156265656566
0.00000428377893513243
0.00000446226972599106
0.00000466307186570702
0.00000459613779071333
0.00000457382647596205
0.00000466307186570702
0.00000475231723839897
0.00000421684491129781
0.00000417222219653013
0.00000437302431919306
0.00000457382645890902
0.00000457382644754034
0.00000477462860999367
0.00000450689240096835
0.00000457382645890902
0.00000499774211561998
0.00000468538323161738
0.00000452920373845700
0.00000419453356812483
0.00000464076051684970
0.00000455151513847341
0.00000443995840555544
0.00000479693994179797
0.00000439533569078776
0.00000484156267361868
0.00000437302434193043
0.00000452920373845700
0.00000459613780208201
0.00000421684489992913
0.00000430609028398976
0.00000432840160442538
0.00000452920374982568
0.00000446226971462238
0.00000428377892376375
0.00000448458107484839
0.00000419453355675614
0.00000430609030672713
0.00000421684490561347
0.00000430609027830542
0.00000439533570215644
0.00000464076051116535
0.00000421684487150742
0.00000452920377824739
0.00000461844916230803
0.00000414991084198846
0.00000432840163284709
0.00000432840164421577
0.00000443995837144939
0.00000421684488287610
0.00000441764703964509
0.00000439533568510342
0.00000430609031241147
0.00000437302431919306
0.00000428377891239506
0.00000446226973735975
0.00000464076050548101
0.00000423915622604909
0.00000477462862136235
0.00000421684487150742
0.00000452920374982568
0.00000443995838850242
0.00000443995836576505
0.00000493080803494195
0.00000432840164990012
0.00000443995835439637
0.00000441764702827641
0.00000428377894650112
0.00000428377894650112
0.00000439533570215644
0.00000421684484308571
0.00000435071295896705
0.00000446226970325370
0.00000470769457479037
0.00000432840163284709
0.00000443995834871203
0.00000421684492266650
0.00000435071294759837
0.00000455151512142038
0.00000430609027830542
0.00000430609024419937
0.00000455151514984209
0.00000439533567373474
0.00000461844913957066
0.00000430609024419937
0.00000423915624310212
0.00000441764701122338
0.00000484156265656566
0.00000441764702827641
0.00000417222221358315
0.00000432840163853143
0.00000426146756353774
0.00000419453351696575
0.00000477462861567801
0.00000448458106916405
0.00000414991083630412
0.00000414991084767280
0.00000428377894081677
0.00000432840162147841
0.00000437302429077135
0.00000437302433056175
0.00000428377894650112
0.00000441764703964509
0.00000426146759764379
0.00000452920378393173
0.00000475231727818937
0.00000443995834871203
0.00000443995839987110
0.00000412759948744679
0.00000435071299307310
0.00000435071299307310
0.00000443995838281808
0.00000423915619194304
0.00000473000591227901
0.00000423915624310212
0.00000439533567941908
0.00000421684488287610
0.00000459613781345070
0.00000450689242939006
0.00000481925129633964
0.00000446226973167541
0.00000435071297602008
0.00000475231726113634
0.00000430609027830542
0.00000426146760901247
0.00000439533566236605
0.00000448458110327010
0.00000452920376119437
0.00000446226972030672
0.00000466307187707571
0.00000419453356812483
0.00000426146758627510
0.00000426146757490642
0.00000464076053958706
0.00000448458109190142
0.00000443995838850242
0.00000439533567941908
0.00000475231727818937
0.00000419453353970312
0.00000452920377824739
0.00000479693994748231
0.00000419453350559706
0.00000448458106347971
0.00000419453356244048
0.00000419453355107180
0.00000428377892376375
0.00000455151512142038
0.00000446226974872843
0.00000443995836008071
0.00000439533566805039
0.00000423915623741777
0.00000439533567373474
0.00000414991081925109
0.00000423915623741777
0.00000443995839418676
0.00000448458106916405
0.00000479693995885100
0.00000423915623741777
0.00000443995835439637
0.00000428377891807941
0.00000946001181318934
0.00000441764705669812
0.00000435071297602008
0.00000457382645322468
0.00000459613781913504
0.00000428377894081677
0.00000461844917367671
0.00000423915626583948
0.00000457382647027771
0.00000450689244075875
0.00000419453356244048
0.00000441764702827641
0.00000423915620899606
0.00000481925131339267
0.00000439533566236605
0.00000437302433624609
0.00000441764702259206
0.00000437302434193043
0.00000441764701690772
0.00000430609028398976
0.00000439533567373474
0.00000443995837713373
0.00000464076052253404
0.00000450689239528401
0.00000443995839418676
0.00000412759951586850
0.00000448458109758576
0.00000464076051116535
0.00000457382645890902
0.00000457382647027771
0.00000426146759195944
0.00000441764703964509
0.00000432840163284709
0.00000459613783050372
0.00000446226970893804
0.00000450689242370572
0.00000450689241802138
0.00000468538320888001
0.00000464076052821838
0.00000430609026125239
0.00000466307184865400
0.00000432840165558446
0.00000452920377824739
0.00000477462859862499
0.00000486387399405430
0.00000414991087609451
0.00000432840162147841
0.00000419453351128141
0.00000443995837144939
0.00000423915622604909
0.00000412759948744679
0.00000426146758627510
0.00000468538318045830
0.00000459613782481938
0.00000477462861567801
0.00000450689242939006
0.00000484156262245961
0.00000443995836576505
0.00000443995837713373
0.00000443995839418676
0.00000441764701122338
0.00000448458107484839
0.00000439533569647210
0.00000437302435329912
0.00000421684490561347
0.00000459613779071333
0.00000464076052253404
0.00000448458109758576
0.00000457382649301508
0.00000443995837713373
0.00000426146759195944
0.00000461844914525500
0.00000435071298738876
0.00000423915625447080
0.00000432840161579406
0.00000435071300444179
0.00000446226974304409
0.00000428377895786980
0.00000423915623741777
0.00000479693995316666
0.00000448458105779537
0.00000437302433056175
0.00000423915622604909
0.00000430609023851503
0.00000435071297602008
0.00000428377892944809
0.00000441764701122338
0.00000464076052821838
0.00000417222221926750
0.00000437302435898346
0.00000421684489992913
0.00000423915626583948
0.00000459613784755675
0.00000477462858157196
0.00000435071296465139
0.00000470769455205300
0.00000443995837713373
0.00000432840162147841
0.00000432840165558446
0.00000421684488856044
0.00000437302431350872
0.00000439533566236605
0.00000443995838850242
0.00000475231727250502
0.00000435071298738876
0.00000430609026693673
0.00000459613779071333
0.00000488618536564900
0.00000470769453499997
0.00000430609026693673
0.00000455151511573604
0.00000459613784187241
0.00000426146761469681
0.00000443995837144939
0.00000439533569647210
0.00000432840161579406
0.00000432840162147841
0.00000435071295328271
0.00000479693993042929
0.00000426146757490642
0.00000457382648164639
0.00000419453352833443
0.00000457382648164639
0.00000459613781913504
0.00000457382648164639
0.00000432840163853143
0.00000428377894081677
0.00000430609024419937
0.00000428377892944809
0.00000459613780776635
0.00000426146756353774
0.00000428377892944809
0.00000426146757490642
0.00000452920374982568
0.00000426146759195944
0.00000443995835439637
0.00000437302434193043
0.00000446226972030672
0.00000455151513278906
0.00000464076052821838
0.00000430609026693673
0.00000421684488287610
0.00000452920377824739
0.00000473000591796335
0.00000423915622036475
0.00000448458107484839
0.00000448458110895444
0.00000430609030672713
0.00000455151513278906
0.00000459613781345070
0.00000488618535996466
0.00000432840164421577
0.00000437302433056175
0.00000414991085904148
0.00000426146756353774
0.00000455151512710472
0.00000428377895786980
0.00000443995839987110
0.00000441764701690772
0.00000432840164421577
0.00000437302430214004
0.00000466307186002268
0.00000439533568510342
0.00000439533566805039
0.00000452920378393174
0.00000448458108053273
0.00000468538316340528
0.00000437302433056175
0.00000414991083630412
0.00000426146759764379
0.00000459613781913504
0.00000437302431350872
0.00000459613780776635
0.00000437302433056175
0.00000450689242939006
0.00000421684489992913
0.00000448458108621708
0.00000441764703396075
0.00000901378484741144
0.00000428377892376375
0.00000430609030672713
0.00000441764703964509
0.00000441764703396075
0.00000457382646459337
0.00000414991087609451
0.00000419453352833443
0.00000452920377256305
0.00000419453354538746
0.00000459613781345070
0.00000499774212130433
0.00000446226972599106
0.00000426146758059076
0.00000426146759764379
0.00000479693996453534
0.00000493080804062629
