0.00000740736768420902
0.00000832213290777872
0.00000787590624895529
0.00000821057628854760
0.00000738505623303354
0.00000742967895348556
0.00000756354720579111
0.00000742967904443503
0.00000769741536714719
0.00000798746295913588
0.00000700576310919132
0.00000754123602746404
0.00000796515150796040
0.00000680496132190456
0.00000760816992624313
0.00000747430203773547
0.00000742967922633397
0.00000731812260710285
0.00000758585838411818
0.00000785359479777981
0.00000771972654547426
0.00000778666062615230
0.00000771972672737320
0.00000711732027411926
0.00000832213318062713
0.00000796515159890987
0.00000816595356809557
0.00000776434917497682
0.00000756354720579111
0.00000798746295913588
0.00000780897198637831
0.00000758585847506765
0.00000812133057479514
0.00000734043369448045
0.00000751892448533908
0.00000910303042473970
0.00000780897180447937
0.00000725118834452587
0.00000758585874791606
0.00000798746268628747
0.00000751892457628855
0.00000771972654547426
0.00000740736777515849
0.00000734043378542992
0.00000774203781475080
0.00000776434944782523
0.00000798746268628747
0.00000807670840003993
0.00000838906698845676
0.00000785359461588087
0.00000720656580597279
0.00000742967913538450
0.00000760816992624314
0.00000745199022276211
0.00000771972636357532
0.00000705038619344123
0.00000818826492832159
0.00000740736777515849
0.00000722887698429986
0.00000838906707940623
0.00000756354738769005
0.00000765279255574569
0.00000845600125103374
0.00000718425426384783
0.00000747430185583653
0.00000787590615800582
0.00000769741545809666
0.00000725118816262693
0.00000740736759325955
0.00000792052878750837
0.00000765279264669516
0.00000756354711484164
0.00000796515132606146
0.00000774203799664974
0.00000747430158298812
0.00000738505641493248
0.00000769741518524825
0.00000756354729674058
0.00000698345211276319
0.00000838906726130517
0.00000742967886253609
0.00000727349961380241
0.00000823288755782414
0.00000805439703981392
0.00000734043369448045
0.00000709500909579219
0.00000738505623303354
0.00000678265023452695
0.00000729581088307896
0.00000760816983529367
0.00000742967931728344
0.00000774203772380133
0.00000787590597610688
0.00000736274478185805
0.00000805439667601604
0.00000709500891389325
0.00000742967886253609
0.00000756354729674058
0.00000713963163434528
0.00000798746277723694
0.00000754123575461563
0.00000760816983529367
0.00000823288773972308
0.00000725118834452587
0.00000729581079212949
0.00000814364220786956
0.00000783128316470538
0.00000720656562407385
0.00000693882930136169
0.00000796515150796040
0.00000747430194678600
0.00000809901976026595
0.00000725118834452587
0.00000765279255574569
0.00000778666062615230
0.00000751892457628855
0.00000754123593651457
0.00000722887716619880
0.00000691651803208515
0.00000769741536714719
0.00000800977395556401
0.00000771972681832267
0.00000792052878750837
0.00000749661330701201
0.00000769741527619772
0.00000771972672737320
0.00000742967895348556
0.00000796515123511199
0.00000749661312511307
0.00000803208531579003
0.00000713963163434528
0.00000751892448533908
0.00000731812215235550
0.00000709500882294378
0.00000765279273764463
0.00000751892421249067
0.00000774203790570027
0.00000720656553312438
0.00000758585838411818
0.00000765279255574569
0.00000727349943190347
0.00000720656580597279
0.00000751892439438961
0.00000734043351258151
0.00000774203808759921
0.00000805439694886445
0.00000731812215235550
0.00000700576338203973
0.00000727349952285294
0.00000769741527619772
0.00000796515141701093
0.00000727349952285294
0.00000693882930136169
0.00000774203808759921
0.00000966081424849108
0.00000756354702389217
0.00000778666080805124
0.00000751892448533908
0.00000722887698429986
0.00000749661321606254
0.00000812133102954249
0.00000774203808759921
0.00000751892439438962
0.00000702807483321521
0.00000794284014773439
0.00000722887698429986
0.00000827751009637723
0.00000742967904443503
0.00000713963145244634
0.00000720656589692226
0.00000756354702389217
0.00000778666053520283
0.00000834444426800474
0.00000747430167393759
0.00000745199040466105
0.00000734043351258151
0.00000738505641493248
0.00000758585847506765
0.00001244973218490486
0.00000771972672737320
0.00000763048092267127
0.00000742967895348556
0.00000738505650588195
0.00000763048101362074
0.00000720656544217491
0.00000774203799664974
0.00000738505650588195
0.00000769741527619771
0.00000751892457628855
0.00000792052869655890
0.00000747430167393759
0.00000798746286818641
0.00000769741536714719
0.00000707269737176830
0.00000771972627262585
0.00000767510400692117
0.00000734043351258151
0.00000727349961380241
0.00000754123575461563
0.00000742967913538450
0.00000758585847506765
0.00000789821733633289
0.00000736274487280752
0.00000798746286818641
0.00000738505650588195
0.00000725118825357640
0.00000805439685791498
0.00000758585856601712
0.00000702807510606362
0.00000729581106497790
0.00000760816992624314
0.00000745199040466105
0.00000718425426384783
0.00000767510382502223
0.00000771972654547426
0.00000742967904443503
0.00000742967895348556
0.00000850062378958682
0.00000736274505470646
0.00000754123584556510
0.00000711732045601821
0.00000727349961380241
0.00000736274505470647
0.00000758585856601712
0.00000716194290362182
0.00000765279255574569
0.00000716194272172288
0.00000787590615800582
0.00000747430194678600
0.00000747430212868494
0.00000785359470683034
0.00000751892466723802
0.00000734043378542992
0.00000747430158298812
0.00000805439713076339
0.00000758585847506765
0.00000729581097402843
0.00000832213308967766
0.00000789821742728236
0.00000747430176488706
0.00000832213290777872
0.00000734043369448045
0.00000740736759325955
0.00000776434908402735
0.00000742967913538450
0.00000780897216827725
0.00000763048128646915
0.00000711732009222033
0.00000760817010814208
0.00000800977413746296
0.00000767510373407276
0.00000707269755366724
0.00000716194308552076
0.00000731812224330497
0.00000720656562407385
0.00000727349952285294
0.00000814364220786956
0.00000785359488872928
0.00000789821742728236
0.00000785359461588087
0.00000776434944782523
0.00000673802787787281
0.00000740736777515849
0.00000818826511022053
0.00000736274478185805
0.00000738505641493248
0.00000756354693294270
0.00000789821715443395
0.00000711732027411926
0.00000807670830909046
0.00000778666071710177
0.00000716194290362182
0.00000738505632398301
0.00000749661330701201
0.00000713963172529475
0.00000731812233425444
0.00000769741518524825
0.00000734043351258151
0.00000754123566366616
0.00000727349988665083
0.00000794284023868386
0.00000722887698429986
0.00000736274496375700
0.00000747430176488706
0.00000751892457628855
0.00000702807483321521
0.00000767510409787064
0.00000745199049561052
0.00000754123557271669
0.00000760816983529367
0.00000722887707524933
0.00000720656580597279
0.00000742967904443503
0.00000798746277723694
0.00000776434908402734
0.00000783128334660432
0.00000751892430344014
0.00000720656562407385
0.00000771972645452479
0.00000765279246479622
0.00000758585847506765
0.00000745199031371158
0.00000729581124687684
0.00000765279273764463
0.00000736274505470647
0.00000769741545809666
0.00000763048110457021
0.00000718425453669624
0.00000776434917497681
0.00000742967913538450
0.00000747430176488706
0.00000758585883886553
0.00000754123584556510
0.00000776434926592629
0.00000702807492416469
0.00000707269755366724
0.00000709500864104484
0.00000731812242520391
0.00000749661312511307
0.00000707269755366724
0.00000736274487280752
0.00000705038610249176
0.00000809901976026595
0.00000751892439438961
0.00000738505650588195
0.00000756354729674058
0.00000776434917497681
0.00000798746295913588
0.00000747430158298812
0.00000713963154339581
0.00000785359470683034
0.00000729581097402843
0.00000731812260710285
0.00000778666053520283
0.00000740736777515849
0.00000785359479777981
0.00000705038610249176
0.00000850062397148577
0.00000760816992624314
0.00000718425426384783
0.00000682727250023163
0.00000756354702389217
0.00000763048110457021
0.00000705038610249176
0.00000736274514565594
0.00000763048119551968
0.00000765279255574569
0.00000780897198637831
0.00000769741527619772
0.00000754123575461563
0.00000780897216827725
0.00000709500873199431
0.00000749661294321413
0.00000736274505470647
0.00000749661312511307
0.00000729581106497790
0.00001269515760213835
0.00000691651812303462
0.00000747430194678600
0.00000803208540673950
0.00000713963145244634
0.00000747430131013971
0.00000747430185583653
0.00000783128361945273
0.00000745199031371158
0.00000771972654547426
0.00000747430194678600
0.00000774203790570027
0.00000798746295913588
0.00000731812215235550
0.00000785359470683034
0.00000718425435479730
0.00000760816992624314
