0.00000981699329258845
0.00001198119421133015
0.00001073175872079446
0.00001088793810595234
0.00001033015436178175
0.00001041939985952922
0.00001001779552325388
0.00000963850254720455
0.00001004010688347989
0.00000970543675293811
0.00000986161619493942
0.00000970543658240786
0.00000992855009371851
0.00000999548417439655
0.00000946001187003276
0.00000963850258131060
0.00000950463443132321
0.00001008472958119455
0.00000959388005412620
0.00000937076639502266
0.00000937076653144686
0.00000939307766429920
0.00000925920969621075
0.00000972774789715913
0.00000950463444269190
0.00000939307793714761
0.00000932614382236352
0.00000919227563827007
0.00000950463454501005
0.00000930383229160725
0.00000995086145394453
0.00000950463454501005
0.00000966081387332451
0.00000950463449953531
0.00000950463439721716
0.00000975005943928409
0.00001010704106647609
0.00000939307776661735
0.00000937076650870949
0.00001012935214248500
0.00000950463440858584
0.00000930383246213751
0.00000959387983812121
0.00000928152110191149
0.00000952694589386738
0.00000954925712903787
0.00000961619114150380
0.00000975005940517804
0.00000995086149941926
0.00000930383239392540
0.00000943770052117543
0.00000937076652007818
0.00000941538900178784
0.00000961619131203406
0.00000966081403248609
0.00000961619119834722
0.00000977237064034853
0.00000963850259267929
0.00000941538913821205
0.00000997317282553922
0.00000963850253583587
0.00000988392732779175
0.00000946001182455802
0.00000966081382784978
0.00000966081383921846
0.00000968312539271210
0.00000970543666198864
0.00000928152099959334
0.00000970543675293811
0.00000954925709493182
0.00000970543676430680
0.00000941538904726258
0.00000943770050980675
0.00000963850256994192
0.00000966081388469320
0.00000937076634954792
0.00000966081387332451
0.00001006241820959985
0.00000946001175634592
0.00000946001180182066
0.00000961619134614011
0.00000990623877896724
0.00000954925712903787
0.00000948232318478404
0.00000979468206878664
0.00000954925714040655
0.00000941538906999995
0.00000986161619493942
0.00000957156840968309
0.00000961619119834723
0.00000963850261541665
0.00000946001181318934
0.00000977237085635352
0.00000972774798810860
0.00000952694590523606
0.00000990623886991671
0.00000983930486881945
0.00000957156854610730
0.00000990623873349250
0.00000932614369730800
0.00000986161600167179
0.00000972774813590149
0.00000963850252446718
0.00000961619124382196
0.00000981699329258845
0.00000952694585976133
0.00000963850263815402
0.00000966081388469320
0.00000943770048706938
0.00000948232327573351
0.00000997317273458975
0.00000983930475513262
0.00000986161601304047
0.00000986161609262126
0.00000983930468692051
0.00001024090901182717
0.00000952694573470581
0.00000975005937107198
0.00000986161606988389
0.00000939307776661735
0.00000968312546092420
0.00000939307770977394
0.00000977237082224747
0.00000968312517670711
0.00000948232329847087
0.00000975005929149120
0.00000977237075403536
0.00000995086145394453
0.00000966081400974872
0.00000972774802221466
0.00000959387994043937
0.00000939307777798604
0.00000970543660514522
0.00000990623877896724
0.00000939307761882446
0.00000950463459048478
0.00000948232329847088
0.00000930383242803146
0.00000983930472102656
0.00000968312518807579
0.00000981699350859344
0.00000948232323025877
0.00000946001181318934
0.00000930383238255672
0.00000950463456774742
0.00000966081389606188
0.00000946001176771460
0.00000999548416302787
0.00000946001174497724
0.00000963850258131060
0.00000977237067445458
0.00000992855012782456
0.00001004010683800516
0.00001008472963803797
0.00000959387982675253
0.00000972774798810860
0.00001012935224480316
0.00000975005926875383
0.00001010704103237003
0.00000992855007098115
0.00000923689837009078
0.00000961619117560986
0.00000959387997454542
0.00000972774781757835
0.00000968312524491921
0.00000975005934833462
0.00000957156847789520
0.00000979468203468059
0.00000975005931422857
0.00000995086151078795
0.00000937076644049739
0.00000977237078814142
0.00000934845502342796
0.00000968312535860605
0.00000968312518807579
0.00000959387989496463
0.00000975005942791540
0.00001028553170954183
0.00001499322625022614
0.00000968312519944448
0.00000983930481197604
0.00001055326781624899
0.00001024090909140796
0.00000981699331532582
0.00000957156844378915
0.00000972774791989650
0.00000966081382784978
0.00001010704094142056
0.00000950463456774742
0.00000970543648008970
0.00000963850263815402
0.00001041939976857975
0.00001019628632548120
0.00001001779559146598
0.00000937076637228529
0.00000977237067445458
0.00000990623886991671
0.00001019628637095593
0.00000977237064034853
0.00000972774801084597
0.00000966081390743057
0.00000963850243351771
0.00000992855010508720
0.00001048633397431331
0.00000963850266089139
0.00001008472963803797
0.00001008472952435113
0.00000977237061761116
0.00000975005923464778
0.00001021859770844458
0.00000981699347448739
0.00001008472961530060
0.00001039708834014164
0.00001006241813001907
0.00000934845506890270
0.00000943770047570070
0.00000979468211426138
0.00000946001199508828
0.00000948232305972851
0.00000932614364046458
0.00000957156853473862
0.00000963850254720455
0.00000970543662788259
0.00000979468202331191
0.00000986161610398994
0.00000979468192099375
0.00000959388000865147
0.00000946001176771460
0.00000954925712903787
0.00000921458708944556
0.00000930383240529409
0.00000995086141983848
0.00000968312511986369
0.00000970543653693312
0.00000979468203468059
0.00000939307774387999
0.00000943770037338254
0.00000950463469280294
0.00000961619131203406
0.00000968312527902526
0.00000968312532450000
0.00000939307781209209
0.00000990623883581065
0.00000959387996317673
0.00000950463456774742
0.00000959387994043937
0.00000999548408344708
0.00000930383231434462
0.00000966081389606188
0.00001006241825507459
0.00000970543669609469
0.00000977237067445458
0.00000979468202331191
0.00001028553172091051
0.00001019628632548120
0.00000941538914958073
0.00000941538911547468
0.00000970543658240786
0.00001006241813001907
0.00001001779532998626
0.00001066482458327300
0.00000818826491695290
0.00000972774803358334
0.00000995086147668189
0.00000959387994043937
0.00000997317287101396
0.00000990623871075513
0.00000957156851200125
0.00000966081385058715
0.00000959387996317673
0.00001017397486293703
0.00000952694592797343
0.00000937076663376502
0.00000957156856884467
0.00000986161620630810
0.00000954925728819944
0.00001017397503346729
0.00000950463451090400
0.00000968312525628789
0.00000963850256994192
0.00000983930474376393
0.00000943770052117543
0.00000950463449953531
0.00000999548411755313
0.00000997317291648869
0.00000966081403248609
0.00000937076661102765
0.00000950463448816663
0.00000975005946202146
0.00000990623883581065
0.00000952694593934212
0.00000963850255857324
0.00000992855003687509
0.00000950463437447979
0.00000963850253583587
0.00000946001184729539
0.00000975005935970330
0.00000943770049843806
0.00000961619117560986
0.00000943770049843806
0.00000959388003138884
0.00000988392754379674
0.00001006241825507459
0.00000997317280280186
0.00000959387984948989
0.00000968312548366157
0.00001004010674705569
0.00000999548433355812
0.00000972774798810860
0.00000948232302562246
0.00000952694584839264
0.00000970543668472601
0.00000968312526765658
0.00000959387975854042
0.00001001779555735993
0.00000981699347448739
0.00000972774798810860
0.00000983930464144578
0.00000950463465869689
0.00001008472953571982
0.00000966081395290530
0.00000970543663925127
0.00000961619132340275
0.00000977237066308589
0.00001008472969488139
0.00000999548414029050
0.00000986161610398994
0.00000954925714040655
0.00000979468203468059
0.00000932614360635853
0.00000946001193824486
0.00000963850268362876
0.00000979468212563006
0.00000946001191550749
0.00000979468219384216
0.00000941538920642415
0.00000990623885854802
0.00000999548412892182
0.00000950463448816663
0.00000954925715177524
0.00001017397491978045
0.00000988392738463517
0.00001028553176638525
0.00000988392743010991
0.00001008472966077534
0.00000963850263815402
0.00001026322031520977
0.00000975005933696593
0.00000939307780072340
0.00000963850256994192
0.00000963850245625508
0.00000954925723135602
0.00000992855019603667
0.00000988392754379675
0.00000977237074266668
0.00000941538909273732
0.00001224893035214336
0.00000968312535860605
0.00000977237058350511
0.00001155727862851563
0.00000952694588249869
0.00000999548436766418
0.00000979468209152401
0.00000972774790852782
0.00000946001173360855
0.00001010704095278925
0.00000997317292785738
0.00000966081406659214
0.00000954925745872970
0.00000963850256994192
0.00000961619119834722
0.00000979468217110480
0.00000948232317341535
