0.00002965178209706210
0.00003103508624917595
0.00003145900136587443
0.00003322159800518420
0.00002976333917104057
0.00002971871672343696
0.00002965178246085998
0.00003023187728103949
0.00003018725446963799
0.00003029881127076806
0.00003072272675126441
0.00003177136022713967
0.00003192753983967122
0.00002824616740326746
0.00002858083744285978
0.00002862546043616021
0.00002958484838018194
0.00002936173495982075
0.00003032112290384248
0.00003049961351280217
0.00003331084317323984
0.00002976333908009110
0.00002916093271778664
0.00002909399872805807
0.00004274854400136974
0.00003643443242253852
0.00002900475310525508
0.00002951791429950390
0.00002791149709082674
0.00003014263184013544
0.00002929480097009218
0.00002938404622909729
0.00002860314880308579
0.00002947329148810240
0.00002891550821004785
0.00002929480060629430
0.00003018725465153693
0.00002936173486887128
0.00002898244192692800
0.00002949560293927789
0.00002869239442588878
0.00002887088512579794
0.00002871470596801373
0.00002931711205746979
0.00003020956601176295
0.00002882626258724485
0.00002884857376557193
0.00002916093262683717
0.00003165980378980748
0.00002902706437453162
0.00003025418855031603
0.00002927248942796723
0.00002920555543823866
0.00002893781938837492
0.00002976333880724269
0.00002967409409393440
0.00002867008306566277
0.00002891550784624997
0.00002875932850656682
0.00002840234656105167
0.00002954022593257832
0.00002994182950715185
0.00002878164004869177
0.00003052192505492712
0.00002846928118742653
0.00002978565034936764
0.00002969640499941306
0.00002989720715049771
0.00002916093262683717
0.00003136975601591985
0.00002867008288376383
0.00002929480106104165
0.00002889319666792289
0.00002806767661240883
0.00002855852644643164
0.00002978565071316552
0.00002931711205746979
0.00002945098003692692
0.00002916093289968558
0.00002808998788168537
0.00002920555507444078
0.00002967409363918705
0.00002938404595624888
0.00003072272711506230
0.00003043267943212413
0.00002965178209706210
0.00002983027306981967
0.00002887088512579794
0.00002875932841561735
0.00002933942359959474
0.00002878163986679283
0.00002974102762891562
0.00002902706437453162
0.00002976333898914163
0.00002987489579027169
0.00002833541293512098
0.00002878163995774230
0.00002887088467105059
0.00002951791420855443
0.00002889319675887236
0.00002947329148810240
0.00002896013074860093
0.00002940635740742436
0.00002880395140891778
0.00002991951841977425
0.00003157055789415608
0.00002893781929742545
0.00002851390372597962
0.00002902706455643056
0.00002882626240534591
0.00002911630972448620
0.00002942866867670091
0.00002922786670751521
0.00003128051093881368
0.00002887088485294953
0.00002902706428358215
0.00003070041557293734
0.00002920555525633972
0.00002980796125484630
0.00002925017824964016
0.00002949560284832842
0.00002989720705954824
0.00002875932859751629
0.00002933942323579686
0.00002909399863710860
0.00003029881145266700
0.00002842465828507557
0.00002945098030977533
0.00002739833598752739
0.00002860314880308579
0.00002960715937661007
0.00002962947110063396
0.00002835772420439753
0.00002817923323163996
0.00002853621490430669
0.00002911630999733461
0.00002902706455643056
0.00002855852626453270
0.00002907168718593312
0.00002991951841977425
0.00002896013029385358
0.00002962947110063396
0.00002942866894954932
0.00002855852626453270
0.00002838003492797725
0.00002795611972032930
0.00002909399881900754
0.00002994182959810132
0.00002878163941204548
0.00002974102744701668
0.00002969640509036253
0.00002965178218801157
0.00002933942332674633
0.00002867008288376383
0.00002831310148394550
0.00002913862153945956
0.00002833541284417151
0.00002855852608263376
0.00002822385595209198
0.00002808998751788749
0.00002920555543823866
0.00002864777197828516
0.00002980796161864418
0.00002965178246085998
0.00002956253683805699
0.00002817923350448836
0.00002933942323579686
0.00002947329139715294
0.00002835772420439753
0.00002875932832466788
0.00003000876422447618
0.00002878163977584336
0.00002940635749837384
0.00002929480078819324
0.00002867008315661224
0.00002920555525633972
0.00002893781902457704
0.00002945098003692692
0.00003139206755804480
0.00002860314880308579
0.00002940635768027278
0.00002938404641099623
0.00003014263193108491
0.00002969640481751412
0.00002936173486887128
0.00002927248933701776
0.00003014263202203438
0.00002927248924606829
0.00002902706428358215
0.00002967409363918705
0.00002991951860167319
0.00003052192496397765
0.00002945098021882586
0.00002949560275737895
0.00002878163968489389
0.00003005338649018085
0.00002909399854615913
0.00002880395131796831
0.00002880395095417043
0.00002873701705539133
0.00002858083744285978
0.00002960715964945848
0.00002936173477792181
0.00002927248915511882
0.00002871470560421585
0.00003105739715465461
0.00003012032120750518
0.00002800074280457920
0.00003784004684348474
0.00002904937628045445
0.00002887088530769688
0.00002849159227480413
0.00002820154477376491
0.00002920555525633972
0.00002938404641099623
0.00002851390354408068
0.00002945098003692692
0.00002875932877941523
0.00002782225183182163
0.00002902706473832950
0.00002873701714634080
0.00002929480024249642
0.00002759913822956150
0.00002824616731231799
0.00002851390345313120
0.00002978565071316552
0.00002945098030977533
0.00002936173486887128
0.00002911630999733461
0.00002916093253588769
0.00002927248924606829
0.00002907168700403417
0.00002960715955850901
0.00002998645277330070
0.00002933942341769580
0.00002869239442588878
0.00002851390345313120
0.00002889319639507448
0.00002969640499941306
0.00002969640509036253
0.00002994182996189920
0.00003058885913560516
0.00003012032075275783
0.00002907168718593312
0.00002853621472240775
0.00002782225183182163
0.00003034343417311902
0.00002974102762891562
0.00002969640509036253
0.00002824616722136852
0.00002777762902042014
0.00002838003565557301
0.00003128051075691473
0.00002884857367462246
0.00002891550784624997
0.00002942866894954932
0.00002920555543823866
0.00002842465792127768
0.00002938404622909729
0.00002873701714634080
0.00002782225164992269
0.00002744295907177730
0.00002853621472240775
0.00002813461078403634
0.00002820154486471438
0.00002933942341769580
0.00002880395131796831
0.00002871470569516532
0.00002855852617358323
0.00002893781911552651
0.00002925017806774122
0.00002893781920647598
0.00002884857358367299
0.00002945098012787639
0.00002938404595624888
0.00003023187737198896
0.00002875932868846576
0.00002911630981543567
0.00002974102771986509
0.00002965178227896103
0.00002913862172135850
0.00002904937591665657
0.00002965178264275892
0.00003029881163456594
0.00002815692187141394
0.00002938404604719835
0.00002922786707131308
0.00002889319666792289
0.00002862546034521074
0.00002869239415304037
0.00003063348176510772
0.00002824616722136852
0.00002880395122701884
0.00002902706464738003
0.00002913862153945956
0.00002795611990222824
0.00002824616722136852
0.00003052192496397765
0.00002985258415719727
0.00002916093299063505
0.00002991951832882478
0.00003052192496397765
0.00002882626231439645
0.00002849159245670307
0.00002942866876765038
0.00002898244174502906
0.00002942866876765038
0.00002896013047575252
0.00002936173468697234
0.00002891550766435102
0.00002902706446548109
0.00002896013038480305
0.00002835772411344806
0.00003041036798094865
0.00002996414159497363
0.00002976333889819216
0.00002933942369054421
0.00002898244183597853
0.00002978565034936764
0.00002996414114022628
0.00002902706464738003
0.00002902706446548109
0.00002991951860167319
0.00002971871654153801
0.00002931711233031819
0.00002853621472240775
0.00002942866885859985
0.00002793380854200223
0.00002911630981543567
0.00002938404622909729
0.00002909399854615913
0.00002855852626453270
0.00002945098030977533
0.00002951791411760496
0.00002931711196652032
0.00002945098012787639
0.00002978565034936764
0.00002777762911136961
0.00002967409363918705
0.00003007569757755846
0.00002929480051534483
0.00002965178255180945
0.00002815692187141394
0.00003105739706370514
0.00002949560284832842
0.00003007569812325528
0.00002936173477792181
0.00002927248933701776
0.00003000876386067830
0.00003029881145266700
0.00002974102753796615
0.00002954022520498256
0.00002938404622909729
0.00002945098012787639
0.00002896013038480305
0.00002871470560421585
0.00002942866858575144
0.00002822385613399092
0.00002942866867670091
0.00002971871617774013
0.00002967409345728811
0.00002980796152769472
0.00002931711196652032
0.00002907168727688258
0.00002931711223936873
0.00002942866894954932
0.00002858083780665766
0.00002842465783032822
0.00002864777152353781
0.00002900475319620455
0.00002909399881900754
0.00002918324407801265
0.00002824616749421694
