0.00000970543651419575
0.00001144572142948164
0.00001039708859025268
0.00001093256068998016
0.00000977237050392432
0.00001035246614264906
0.00000975005941654672
0.00001017397507894202
0.00000992854993455694
0.00000981699386102264
0.00001068713609129190
0.00000992854993455694
0.00000981699304247741
0.00001004010700853542
0.00000986161603577784
0.00000963850234256825
0.00000939307765293051
0.00001084331515812664
0.00001012935208564158
0.00000959387989496463
0.00000961619134614011
0.00000975005932559725
0.00000979468186415033
0.00000943770046433201
0.00000986161630862625
0.00001004010691758595
0.00000957156853473862
0.00000939307774387998
0.00000979468168225139
0.00001024090897772112
0.00000952694590523606
0.00000975005932559725
0.00000977237068582326
0.00000916996423256933
0.00000966081406659214
0.00000934845511437743
0.00000950463481785846
0.00000975005968939513
0.00000932614348130301
0.00000977237059487379
0.00000937076620175503
0.00001006241800496355
0.00000966081388469320
0.00000968312542681815
0.00000968312506302027
0.00000995086174953030
0.00000961619107329170
0.00000957156844378915
0.00000999548419713392
0.00000995086120383348
0.00000997317292785738
0.00000986161612672731
0.00000992854993455694
0.00000928152094274992
0.00000946001227930537
0.00000943770046433201
0.00000957156862568809
0.00000950463454501005
0.00000963850261541665
0.00000966081433944055
0.00000952694590523606
0.00001030784296744969
0.00000963850297921453
0.00000975005905274884
0.00000992855029835482
0.00000988392712315545
0.00000986161612672731
0.00000983930485745077
0.00000941538919505547
0.00000992855002550641
0.00000952694599618553
0.00000950463454501005
0.00000972774814727018
0.00000966081379374373
0.00000939307783482946
0.00000972774805632071
0.00000952694581428659
0.00000970543651419575
0.00001006241809591302
0.00000939307783482946
0.00000957156871663756
0.00000959387971306569
0.00000963850243351771
0.00000932614357225248
0.00000968312533586868
0.00000986161621767678
0.00000943770055528148
0.00001008472972898744
0.00000954925717451260
0.00000970543678704416
0.00000919227568374481
0.00000972774796537124
0.00000988392757790280
0.00000986161594482837
0.00000983930476650130
0.00000975005950749619
0.00001008472936518956
0.00000988392703220597
0.00000966081370279426
0.00000972774814727018
0.00001055326783898636
0.00000961619107329170
0.00000946001200645696
0.00000990623912002775
0.00000981699322437635
0.00000928152103369939
0.00000934845493247849
0.00000983930458460236
0.00001010704118016292
0.00000952694608713500
0.00000930383230297593
0.00000963850270636613
0.00000948232336668298
0.00000972774796537124
0.00000943770028243307
0.00000970543678704416
0.00000983930485745077
0.00001006241818686249
0.00000928152076085098
0.00000959387953116675
0.00001015166344586760
0.00000952694590523606
0.00000992855011645588
0.00001004010673568700
0.00000963850243351771
0.00000946001164265908
0.00000963850270636613
0.00000934845493247849
0.00000963850252446718
0.00001033015423672623
0.00000995086129478295
0.00000972774814727018
0.00000986161639957572
0.00000948232318478404
0.00000988392739600386
0.00001015166362776654
0.00000959387971306569
0.00000939307774387999
0.00000946001209740643
0.00000959388007686357
0.00000977237068582326
0.00000986161594482837
0.00000961619134614011
0.00000970543669609469
0.00000961619116424117
0.00000992855020740535
0.00000954925744736101
0.00000943770019148360
0.00001024090915962006
0.00000975005959844566
0.00000957156844378915
0.00000972774814727018
0.00000990623893812881
0.00000972774805632071
0.00000972774842011859
0.00000961619152803906
0.00000968312542681815
0.00000988392730505439
0.00001041939985952922
0.00001019628643916803
0.00000966081415754161
0.00001006241836876143
0.00000950463454501005
0.00000961619098234223
0.00000975005914369831
0.00001015166362776654
0.00000986161612672731
0.00000988392775980173
0.00000966081415754161
0.00000990623884717934
0.00000963850252446719
0.00000983930503934971
0.00000950463454501005
0.00000954925708356313
0.00000961619143708958
0.00000992855020740535
0.00000941538919505547
0.00000954925735641154
0.00001389997032674728
0.00001015166344586760
0.00000966081397564267
0.00000966081415754161
0.00000941538919505547
0.00000990623902907828
0.00000932614366320195
0.00000992855038930429
0.00000975005959844566
0.00000950463436311111
0.00000972774805632071
0.00000963850234256825
0.00000961619089139276
0.00000983930467555183
0.00000948232345763245
0.00000959387989496463
0.00001015166353681707
0.00000928152094274992
0.00000946001164265908
0.00000957156871663756
0.00000992855020740535
0.00000943770046433201
0.00000946001191550749
0.00000999548410618445
0.00000983930458460236
0.00000966081397564267
0.00000952694590523606
0.00000968312515396974
0.00000968312497207080
0.00000950463454501005
0.00000972774823821965
0.00001015166371871601
0.00000961619152803905
0.00001001779555735993
0.00000946001191550749
0.00001079869289242197
0.00000959388007686357
0.00000990623866528040
0.00001006241836876143
0.00000954925735641154
0.00000983930440270342
0.00001004010673568700
0.00000957156862568809
0.00000972774769252282
0.00000975005950749619
0.00000961619116424117
0.00000946001164265908
0.00000977237077677273
0.00000954925735641154
0.00000943770082812989
0.00000981699322437635
0.00000963850270636612
0.00000952694572333712
0.00000948232291193563
0.00000979468177320086
0.00000959387953116675
0.00001024090888677165
0.00000970543633229681
0.00000930383230297593
0.00001015166371871601
0.00000968312506302027
0.00000959387953116675
0.00000932614366320195
0.00000932614384510089
0.00000968312542681815
0.00000957156853473862
0.00001019628625726909
0.00000946001164265908
0.00000950463445406058
0.00000946001218835590
0.00000952694572333712
0.00000975005914369831
0.00000963850252446718
0.00000970543687799363
0.00000952694554143818
0.00000979468186415033
0.00000954925717451260
0.00000937076656555291
0.00000981699331532582
0.00000988392757790280
0.00000981699340627529
0.00000954925735641154
0.00000972774787442177
0.00000747430185583653
0.00000959387989496463
0.00000997317292785738
0.00000966081406659214
0.00001099949486160767
0.00000999548428808339
0.00000959388007686357
0.00000972774769252282
0.00000986161649052519
0.00000988392721410491
0.00000952694572333712
0.00000963850252446718
0.00000986161603577784
0.00000959388007686357
0.00000968312533586868
0.00000950463445406058
0.00000963850234256825
0.00000988392775980174
0.00000930383230297593
0.00000999548437903286
0.00000961619116424117
0.00000972774778347230
0.00001001779555735993
0.00000975005941654672
0.00000997317301880685
0.00000972774769252282
0.00000979468213699875
0.00001012935235849000
0.00000966081379374373
0.00000966081424849108
0.00000990623884717934
0.00000968312506302027
0.00000946001191550749
0.00000992855011645588
0.00000988392748695332
0.00000968312524491921
0.00000999548428808339
0.00000963850261541665
0.00000983930476650130
0.00000972774796537124
0.00000986161612672731
0.00000992855011645588
0.00000975005932559725
0.00000970543696894310
0.00000981699340627529
0.00000977237095867167
0.00000941538937695441
0.00000968312524491921
0.00000943770046433201
0.00000959388007686357
0.00000963850288826507
0.00000957156826189021
0.00000959387953116675
0.00000992855029835482
0.00001001779564830940
0.00000977237077677273
0.00000972774769252282
0.00000952694590523606
0.00000928152085180045
0.00000934845520532690
0.00000979468222794821
0.00000950463454501005
0.00000959387989496463
0.00000948232345763245
0.00001019628616631962
0.00000966081424849108
0.00000963850270636613
0.00000966081406659214
0.00000943770064623095
0.00000997317256405950
0.00000952694599618553
0.00000986161594482837
0.00000952694617808447
0.00000979468177320086
0.00000979468204604928
0.00000981699340627529
0.00000957156844378915
0.00000990623893812881
0.00000961619143708958
0.00000952694581428659
0.00000975005941654672
0.00000986161585387890
0.00000948232345763245
0.00001012935208564159
0.00001010704081636504
0.00000986161594482837
0.00000972774814727018
0.00000966081397564267
0.00001012935226754053
0.00000970543669609469
0.00000948232318478404
0.00000966081370279426
0.00000930383230297593
0.00000968312533586868
0.00000961619098234223
0.00001195888253278099
0.00000975005923464778
0.00000979468222794821
0.00000970543624134734
0.00000937076656555291
0.00000961619125519064
0.00000983930458460236
0.00000934845547817531
0.00000966081406659214
0.00000966081379374373
0.00000948232309383457
0.00000961619116424117
0.00000990623857433093
0.00000986161658147466
0.00000939307765293052
0.00000986161621767678
0.00000952694599618553
