0.00001077638138927764
0.00001093256082883437
0.00001084331542497846
0.00001162421263168067
0.00000961619125737223
0.00001001779553360671
0.00001140109914547494
0.00001204812825712498
0.00000986161609338176
0.00000988392744034061
0.00000999548418179619
0.00001062020193937641
0.00000983930474179884
0.00000986161609599634
0.00000995086148988245
0.00000999548418605389
0.00000997317283398802
0.00001019628631356850
0.00000961619126507163
0.00000954925720345612
0.00000999548417776053
0.00000999548418545437
0.00000941538912452300
0.00000968312530229554
0.00000943770047645565
0.00000988392742873323
0.00000981699339754893
0.00000954925721896593
0.00000990623879808528
0.00000954925720568767
0.00001012935227564515
0.00000932614372317619
0.00001017397497384831
0.00000983930473790195
0.00000999548418167961
0.00001024090902801422
0.00000988392743668243
0.00000948232315971520
0.00000992855013937088
0.00000968312529792126
0.00001030784305975363
0.00000959387991112948
0.00000990623878185382
0.00000981699339090980
0.00000995086148420921
0.00000986161609917158
0.00000941538912522244
0.00000937076641296386
0.00000977237070602932
0.00000957156855587726
0.00000995086148067870
0.00000968312530384985
0.00000954925721483590
0.00000968312529496806
0.00000970543664120527
0.00001010704093697967
0.00000957156855090346
0.00000950463451969696
0.00000968312530513771
0.00000999548418851859
0.00000937076641887025
0.00001006241822789633
0.00001019628632379366
0.00001001779552831650
0.00001019628632268343
0.00001046402250306499
0.00000988392743983546
0.00000939307777976239
0.00000995086150572533
0.00000943770046162307
0.00000966081395272766
0.00000950463450397621
0.00000946001182717815
0.00000939307776723908
0.00000975005935086593
0.00000986161608462766
0.00000972774800129805
0.00000975005933869788
0.00000979468204374001
0.00000963850259809718
0.00000950463451592220
0.00000959387991361638
0.00000972774799894438
0.00000957156855787566
0.00000954925720844102
0.00001088793812780153
0.00000966081395330498
0.00001019628631726555
0.00000981699339588360
0.00000988392743681565
0.00000961619125749991
0.00000948232315902686
0.00000968312530633675
0.00000963850260187193
0.00001008472957702011
0.00001015166362154929
0.00000983930474607320
0.00000972774799192777
0.00000957156855987407
0.00001008472958377027
0.00000968312529643356
0.00000963850260697896
0.00000963850260218279
0.00001008472958456963
0.00000928152102588342
0.00000925920967471683
0.00000959387990064897
0.00000941538911884976
0.00000966081394180307
0.00000975005934815698
0.00001004010687859491
0.00000988392744956101
0.00000943770047125980
0.00001015166362803299
0.00000959387991334992
0.00000941538912888618
0.00000988392744067923
0.00000963850261062049
0.00000977237069506032
0.00000977237068919834
0.00001146803319187484
0.00000986161610194713
0.00000963850260360388
0.00000923689833030039
0.00000972774800214182
0.00000934845507920556
0.00001001779552112225
0.00000988392743170863
0.00001006241822922860
0.00000966081395645801
0.00001050864520291128
0.00000941538913625806
0.00000948232315973741
0.00000939307776972598
0.00000950463451534489
0.00000970543665097523
0.00000959387991725791
0.00000966081395228358
0.00000975005934744644
0.00001062020194604330
0.00000977237070269865
0.00000952694586153768
0.00000939307776910425
0.00000983930474536265
0.00000975005936014739
0.00000928152102392943
0.00000995086149035984
0.00000997317284303634
0.00000954925720773048
0.00001019628632228375
0.00000981699339970277
0.00000986161609244363
0.00000966081395858964
0.00000977237070340919
0.00000970543664440271
0.00000966081395308294
0.00000977237069257342
0.00000983930475308981
0.00000919227562734548
0.00000934845507147841
0.00000997317284632260
0.00000950463451054873
0.00000963850260351506
0.00000957156855649899
0.00000952694585167890
0.00001001779553124749
0.00000992855013626226
0.00000975005934673590
0.00000959387991317229
0.00000995086148076751
0.00000963850260164989
0.00000959387990002725
0.00000928152102419588
0.00000941538911876094
0.00000970543665639312
0.00000948232316257958
0.00001017397497458106
0.00000968312529820992
0.00001412308367507720
0.00001019628631633296
0.00000916996427715588
0.00000914765293220654
0.00000957156855578844
0.00000961619125696700
0.00001035246576464033
0.00000975005935552886
0.00000959387991237293
0.00000977237069443859
0.00000966081394837559
0.00000975005935268669
0.00000966081395343821
0.00000966081395983309
0.00000977237070358683
0.00000988392743970223
0.00000941538910890216
0.00000934845507423177
0.00000943770046308856
0.00000968312530886806
0.00000948232316257958
0.00000988392743490607
0.00000932614372128882
0.00000983930473754668
0.00000939307776466336
0.00000975005934389372
0.00000979468204533873
0.00000970543665399504
0.00000992855013404181
0.00000999548418469942
0.00000970543665275159
0.00001030784305271482
0.00000948232315884923
0.00001026322036512539
0.00000957156856014052
0.00000923689832870167
0.00001012935227659995
0.00000988392744076805
0.00000966081396160945
0.00000957156855836416
0.00000961619125661173
0.00000963850260902177
0.00000932614371382812
0.00000939307777318987
0.00000937076642326673
0.00000950463451090400
0.00000957156856706831
0.00000950463450895001
0.00000954925721270428
0.00000959387990953075
0.00000943770046024639
0.00000986161608711455
0.00000981699339011044
0.00000966081396196472
0.00001024090901520225
0.00001030784306728094
0.00000966081395663565
0.00001008472957266804
0.00000957156855125874
0.00000934845508222537
0.00000946001181656442
0.00000928152102002144
0.00001258360062195152
0.00000930383236887877
0.00000972774799326004
0.00000959387990562277
0.00000939307777283460
0.00000981699339259734
0.00000992855013919325
0.00000966081394331297
0.00000954925720648703
0.00000995086148680713
0.00000986161608604874
0.00001012935227819867
0.00000961619125714464
0.00000948232315849395
0.00001008472958066164
0.00000990623878145414
0.00000981699339845932
0.00000966081395095131
0.00000986161609350944
0.00000995086147916879
0.00000968312530904569
0.00000754123583526223
0.00001010704093342696
0.00000975005934389372
0.00000995086148574131
0.00001059789059585370
0.00001010704092632153
0.00000983930474394157
0.00001001779553870818
0.00000968312530229554
0.00000966081395681329
0.00000997317283228938
0.00000957156856262742
0.00000968312529625592
0.00000975005934851225
0.00000961619125607882
0.00000961619125341429
0.00000972774799574694
0.00001030784305982024
0.00000975005934584772
0.00000990623879655317
0.00000986161608071967
0.00000999548418523233
0.00000959387990029370
0.00000990623878216468
0.00000999548418434415
0.00000943770046344383
0.00000950463451143690
0.00000968312529625592
0.00000963850260422561
0.00000925920967684846
0.00000995086149231383
0.00000934845507369886
0.00000977237069790249
0.00000950463451694361
0.00000943770046202275
0.00001015166362119402
0.00000981699339224207
0.00000943770046664128
0.00000959387990295824
0.00000939307777638731
0.00000950463451072636
0.00000952694585691915
0.00000928152102321889
0.00001004010686767032
0.00001033015441738172
0.00000995086148094515
0.00000957156857577246
0.00000990623878465158
0.00001077638138173853
0.00000954925720026978
0.00000981699339899222
0.00000983930474713901
0.00001015166362634545
0.00000968312530034154
0.00000959387990775440
0.00000999548418239016
0.00000988392744467603
0.00000941538912133666
0.00000995086148964930
0.00000968312530087445
0.00000968312530602589
0.00000990623877790142
0.00000981699339561714
0.00000986161608818037
0.00000972774799503640
0.00000988392744449840
0.00000986161609031200
0.00000992855014416705
0.00001015166362687836
0.00000981699339597242
0.00000939307777603204
0.00000937076642077983
0.00000975005935206497
0.00000975005935011097
0.00001001779552893822
0.00001010704093236114
0.00000957156856937758
0.00001006241822096854
0.00000999548418985086
0.00000930383237722765
0.00000977237069434977
0.00001008472957320095
0.00000997317283282229
0.00000970543666731771
0.00000954925721394773
0.00000941538911813922
0.00000952694585603098
0.00000992855013439708
0.00000952694585443226
0.00000979468204995726
0.00000946001181940659
0.00000975005934069628
0.00001001779553266857
0.00000997317283619736
0.00000983930473168471
0.00001316369568726827
0.00000957156855925234
0.00000981699339490660
0.00000979468204054257
0.00001006241822469889
0.00000968312529927573
0.00000952694585549807
0.00000995086148503077
0.00000983930473541506
0.00000937076642095746
0.00000972774799272713
0.00000941538912524464
0.00000959387991272820
0.00000979468205581924
0.00000999548418540996
0.00001028553171469326
0.00000919227563738190
