0.00000972774800516163
0.00001055326791288280
0.00001008472957551021
0.00001323062971891886
0.00001055326791288280
0.00000999548416302787
0.00001099949486160767
0.00001037477711633983
0.00000957156856884467
0.00001008472956982587
0.00000963850262110100
0.00000954925720293431
0.00001015166361639785
0.00000963850259267929
0.00000977237073129800
0.00001015166362776654
0.00001017397495957084
0.00001015166363913522
0.00001017397497093953
0.00000963850259267929
0.00000948232315067798
0.00000966081395858964
0.00000961619125519064
0.00000972774802221466
0.00000975005932559725
0.00000986161611535863
0.00000968312532450000
0.00000977237068582326
0.00000961619124950630
0.00000988392744716293
0.00000990623877896724
0.00000995086148805058
0.00000959387991770200
0.00000992855015624627
0.00001033015440725649
0.00000963850260973231
0.00000988392744716293
0.00000912534157464506
0.00000972774801084597
0.00000986161610398994
0.00000937076640639134
0.00001026322037205318
0.00000988392742442556
0.00000977237067445458
0.00000961619123813762
0.00000954925723704037
0.00000986161610398994
0.00000961619126087498
0.00000981699339490660
0.00000950463451658834
0.00000968312527334092
0.00000986161610967429
0.00000941538914389639
0.00000986161608693692
0.00000959387991201766
0.00000970543666767298
0.00000979468205173362
0.00000952694585976133
0.00000961619126655933
0.00001001779554030691
0.00000928152100527768
0.00000995086149373492
0.00000992855015056193
0.00000946001180182066
0.00000981699339490660
0.00000963850259267929
0.00000997317283690791
0.00000981699340627529
0.00000946001177339895
0.00000979468203468059
0.00001004010684368950
0.00000988392747558464
0.00000966081396995833
0.00000977237068582326
0.00000988392744716293
0.00000954925721998734
0.00000943770044159464
0.00000977237070856063
0.00000963850260973231
0.00000946001181887368
0.00000972774800516163
0.00000999548419144958
0.00000941538909842166
0.00000992855015056193
0.00000970543669041035
0.00000997317285396093
0.00000946001180750500
0.00000970543662788259
0.00000968312530744697
0.00000954925721430300
0.00000937076641207568
0.00000975005931991291
0.00000959387994612371
0.00000914765296329279
0.00000948232314499364
0.00001006241824370591
0.00001019628633116554
0.00000977237070856063
0.00000950463452227268
0.00000961619127792801
0.00000943770044159464
0.00000981699340059095
0.00000943770046433201
0.00000988392747558464
0.00000966081393016793
0.00000990623877328289
0.00000975005934265027
0.00000972774799947729
0.00000946001179045197
0.00000950463454501005
0.00000950463451658834
0.00000970543665630430
0.00000961619124950630
0.00000983930475513262
0.00000946001180750500
0.00000983930474376393
0.00000970543665061996
0.00000966081395290530
0.00000950463448816663
0.00000979468204036493
0.00000992855011645588
0.00000979468202899625
0.00000968312534155302
0.00000934845506890270
0.00000966081394153662
0.00000952694587113001
0.00000954925724272471
0.00000963850260973231
0.00000950463450521966
0.00001001779554599125
0.00000970543666767298
0.00000970543664493562
0.00000972774798810860
0.00000939307777230169
0.00000930383235413501
0.00000972774799947729
0.00000990623879602026
0.00000990623879033592
0.00000968312531881565
0.00000997317281985488
0.00000997317283690791
0.00000952694585976133
0.00000966081394153662
0.00000912534158601375
0.00001124491972177566
0.00000937076642912871
0.00000990623877896724
0.00000977237071992931
0.00000995086147099755
0.00000954925721998734
0.00000937076642344437
0.00001021859765728550
0.00000970543663925127
0.00000946001181318934
0.00000979468205173362
0.00000979468199489020
0.00000961619123813762
0.00000954925718588129
0.00000957156857452901
0.00000950463451658834
0.00000943770048138504
0.00000979468202899625
0.00000943770047001635
0.00000968312529039395
0.00000981699342332831
0.00000977237069719195
0.00000943770045864767
0.00000957156854610730
0.00000970543665061996
0.00000950463453364137
0.00000946001181318934
0.00000946001180750500
0.00000979468203468059
0.00000968312531313131
0.00000943770047570069
0.00000943770045296333
0.00001028553173227920
0.00000952694588249869
0.00001349836589952247
0.00000952694584270830
0.00000928152101096202
0.00000957156855747599
0.00000997317281417054
0.00000941538912115902
0.00000959387991770200
0.00000970543666198864
0.00000954925719724997
0.00000975005933128159
0.00000966081395290530
0.00000952694590523606
0.00000932614374846708
0.00000981699336648489
0.00000961619125519064
0.00000950463451090400
0.00000957156855179164
0.00000961619127224367
0.00000983930475513262
0.00000997317283690791
0.00000997317285396093
0.00000963850259267929
0.00001019628633116554
0.00000992855013919325
0.00000995086149373492
0.00000957156854610730
0.00000923689829619434
0.00000957156858021335
0.00000977237069719195
0.00000988392743579425
0.00000997317283122356
0.00000983930474376393
0.00000992855012214022
0.00000957156852905428
0.00000961619125519064
0.00000946001181318934
0.00000970543667335733
0.00000988392743579425
0.00000966081394153662
0.00000939307777230169
0.00000957156859726638
0.00000968312530744697
0.00000952694586544567
0.00000959387988928029
0.00000959387990064897
0.00000986161606419955
0.00000988392747558464
0.00000939307777798604
0.00000970543665061996
0.00000963850262678534
0.00000925920967915772
0.00000950463452227268
0.00000999548419144958
0.00000990623878465158
0.00000979468204604928
0.00001010704093573622
0.00000975005936538764
0.00000970543664493562
0.00000957156858021335
0.00000995086147099755
0.00000954925722567168
0.00000950463451658834
0.00000977237071424497
0.00000979468205741796
0.00000966081396427398
0.00000968312531313131
0.00000975005933696593
0.00000970543663925127
0.00000983930473807959
0.00000961619126655933
0.00000999548420850260
0.00000972774801084597
0.00000937076641776002
0.00000970543663356693
0.00000992855016193062
0.00001028553169817314
0.00000970543666767298
0.00000986161610398994
0.00000932614374278273
0.00000950463452227268
0.00000968312528470960
0.00000977237072561366
0.00001026322037205318
0.00000780897203185305
0.00000948232312794062
0.00000946001181887368
0.00000963850263246968
0.00000959387991201766
0.00000968312529607829
0.00000968312529039395
0.00000970543663925127
0.00000975005931991291
0.00000981699338922226
0.00000972774802789900
0.00001001779554030691
0.00000983930473239525
0.00000986161608693692
0.00000954925720861866
0.00000959387990633331
0.00000992855011645588
0.00000925920970757943
0.00000939307778935472
0.00000997317280848620
0.00000986161605851521
0.00000992855011645588
0.00000977237068582326
0.00000981699336648489
0.00000990623878465158
0.00000970543666767298
0.00000952694585407699
0.00000954925719724997
0.00000941538909842166
0.00000963850260404797
0.00000957156856884467
0.00000968312530176263
0.00000999548416302787
0.00000961619127224367
0.00000977237070287629
0.00000970543663925127
0.00000948232319615272
0.00000939307777230169
0.00000970543665061996
0.00001017397500504558
0.00001010704094710491
0.00000999548417439655
0.00000959387992907068
0.00000972774800516163
0.00000968312533586868
0.00000943770047570069
0.00000950463451090400
0.00000950463449953531
0.00000954925723135602
0.00000961619126087498
0.00000966081396995833
0.00000990623877328289
0.00000963850263246968
0.00000968312533018434
0.00000983930475513262
0.00000981699342901266
0.00000992855015056193
0.00000966081393585227
0.00001267284603159169
0.00000966081394722096
0.00000997317285396093
0.00000954925721998734
0.00000970543665061996
0.00000981699336080055
0.00000986161607556824
0.00000961619124382196
0.00000963850260404797
0.00000963850260404797
0.00000966081393016793
0.00000950463450521966
0.00001008472957551021
0.00000950463452227268
0.00000963850260973231
0.00000972774802789900
0.00001062020195377045
0.00000968312529607829
0.00000954925721998734
0.00000963850261541665
0.00001001779552325388
0.00000972774799947729
0.00000961619122676893
0.00000966081399838003
0.00001012935229596223
0.00000986161608693692
0.00000995086152784097
0.00000979468203468059
0.00000992855012782456
0.00000972774799947729
0.00000941538911547468
0.00001026322034363147
0.00000950463451658834
0.00000950463452795702
0.00000952694585407699
0.00000970543662219825
0.00000966081394722096
0.00001320831839848324
0.00001104411757069101
0.00000968312529607829
0.00000954925721430300
0.00000957156854042296
0.00000975005934265027
0.00000961619123813762
0.00000977237069719195
0.00001008472958119455
0.00000930383235413501
0.00000975005936538764
0.00001006241820391551
0.00000972774802221466
0.00000943770047570069
0.00000966081394722096
0.00000937076642912871
0.00000972774802789900
