0.00000937076583795715
0.00001338680885965005
0.00001517171767773107
0.00000892453863343690
0.00000892453863343690
0.00001026322206598707
0.00000981699304247741
0.00001070944745151792
0.00001026322024699766
0.00001026322024699766
0.00000981699304247741
0.00000847831142891664
0.00000937076583795715
0.00001026322024699766
0.00001026322024699766
0.00000847831324790604
0.00000803208604338579
0.00000981699304247741
0.00000981699304247741
0.00000981699304247741
0.00001115567465603817
0.00000937076583795715
0.00000981699304247741
0.00000937076583795715
0.00001026322024699766
0.00000981699486146681
0.00000892454045242630
0.00000847831324790604
0.00000937076583795715
0.00001026322024699766
0.00000892454045242630
0.00001026322024699766
0.00000937076583795715
0.00000803208422439639
0.00000981699304247741
0.00000937076583795715
0.00000892454045242630
0.00000937076765694655
0.00000981699304247741
0.00000981699304247741
0.00001026322024699766
0.00000937076765694655
0.00001383303606417030
0.00000847831142891664
0.00000937076583795715
0.00000981699304247741
0.00001160190186055843
0.00001070944745151792
0.00000937076765694655
0.00001338680885965005
0.00000847831142891664
0.00000937076765694655
0.00000937076583795715
0.00000847831142891664
0.00001026322024699766
0.00000892454045242630
0.00000937076765694655
0.00000892453863343690
0.00000803208604338579
0.00000981699304247741
0.00000937076583795715
0.00001115567283704877
0.00001249435626959894
0.00001026322024699766
0.00001026322024699766
0.00001160190004156902
0.00001026322024699766
0.00001070944745151792
0.00001026322024699766
0.00001026322024699766
0.00000937076765694655
0.00000937076583795715
0.00000981699486146681
0.00000937076583795715
0.00000937076765694655
0.00000892453863343690
0.00000937076583795715
0.00000937076583795715
0.00000937076583795715
0.00000847831324790604
0.00000937076765694655
0.00000981699304247741
0.00000937076583795715
0.00000981699304247741
0.00000847831142891664
0.00000981699304247741
0.00000937076583795715
0.00000937076765694655
0.00000892453863343690
0.00000981699304247741
0.00000847831142891664
0.00000937076583795715
0.00001026322024699766
0.00001026322024699766
0.00001160190186055843
0.00000847831324790604
0.00001070944745151792
0.00000937076583795715
0.00000892453863343690
0.00000981699304247741
0.00000981699304247741
0.00000937076583795715
0.00000937076765694655
0.00000937076583795715
0.00000892454045242630
0.00000892453863343690
0.00000892453863343690
0.00000847831324790604
0.00000892454045242630
0.00000847831324790604
0.00001026322024699766
0.00000847831324790604
0.00000937076765694655
0.00001070944745151792
0.00000937076583795715
0.00000847831142891664
0.00000937076583795715
0.00001026322024699766
0.00001026322024699766
0.00000937076583795715
0.00000937076765694655
0.00000847831142891664
0.00001115567465603817
0.00000937076583795715
0.00000937076583795715
0.00000937076765694655
0.00000892453863343690
0.00000892454045242630
0.00000981699304247741
0.00001294058165512979
0.00000937076583795715
0.00000847831142891664
0.00000847831324790604
0.00000981699304247741
0.00000937076583795715
0.00001026322024699766
0.00000981699304247741
0.00000892454045242630
0.00000937076583795715
0.00000937076765694655
0.00001026322024699766
0.00000847831324790604
0.00000981699304247741
0.00000937076583795715
0.00001249435445060953
0.00001338680885965005
0.00000892454045242630
0.00000803208422439639
0.00000937076765694655
0.00000937076765694655
0.00000892453863343690
0.00000937076765694655
0.00000937076583795715
0.00000937076765694655
0.00000847831324790604
0.00000937076765694655
0.00001026322024699766
0.00000981699304247741
0.00000847831142891664
0.00001204812906507868
0.00000981699304247741
0.00001026322206598707
0.00000892454045242630
0.00000937076583795715
0.00000981699304247741
0.00000937076583795715
0.00000981699304247741
0.00000981699304247741
0.00000937076583795715
0.00000892453863343690
0.00000892454045242630
0.00000937076765694655
0.00000892454045242630
0.00000937076583795715
0.00001026322024699766
0.00000981699486146681
0.00000937076765694655
0.00001026322024699766
0.00002008021328947507
0.00001517171767773107
0.00001115567465603817
0.00001026322024699766
0.00000892453863343690
0.00000981699304247741
0.00000937076583795715
0.00000937076583795715
0.00001026322024699766
0.00000937076765694655
0.00000937076765694655
0.00000981699304247741
0.00000847831142891664
0.00000981699486146681
0.00000981699486146681
0.00000981699304247741
0.00001561794306326192
0.00000847831142891664
0.00001026322024699766
0.00000937076765694655
0.00001026322024699766
0.00001026322024699766
0.00000892454045242630
0.00000937076583795715
0.00000937076583795715
0.00001070944745151792
0.00000981699304247741
0.00001026322024699766
0.00000937076583795715
0.00000981699304247741
0.00000892454045242630
0.00000892453863343690
0.00000937076583795715
0.00000847831142891664
0.00000981699486146681
0.00000937076583795715
0.00000981699486146681
0.00000981699304247741
0.00001026322024699766
0.00000937076583795715
0.00000937076583795715
0.00000847831324790604
0.00000937076765694655
0.00000981699304247741
0.00000981699304247741
0.00000803208604338579
0.00000937076583795715
0.00000892454045242630
0.00000847831324790604
0.00000892453863343690
0.00000937076583795715
0.00000937076765694655
0.00000847831142891664
0.00000937076765694655
0.00000937076583795715
0.00001026322024699766
0.00001070944745151792
0.00001070944563252851
0.00001026322024699766
0.00001427926326869056
0.00000892453863343690
0.00000937076765694655
0.00000892453863343690
0.00000892454045242630
0.00000981699304247741
0.00000981699304247741
0.00001026322024699766
0.00000892453863343690
0.00000937076583795715
0.00000981699486146681
0.00000937076583795715
0.00001204812906507868
0.00001070944745151792
0.00000847831142891664
0.00000937076583795715
0.00001204812906507868
0.00001026322024699766
0.00000937076765694655
0.00000981699304247741
0.00000981699304247741
0.00000937076583795715
0.00000937076583795715
0.00001026322024699766
0.00000892454045242630
0.00000937076765694655
0.00001070944745151792
0.00000981699304247741
0.00001026322024699766
0.00000981699486146681
0.00000803208422439639
0.00001294058165512979
0.00000892453863343690
0.00000981699304247741
0.00000892454045242630
0.00000981699486146681
0.00001472549047321081
0.00000981699304247741
0.00000847831324790604
0.00000937076765694655
0.00000892453863343690
0.00000892454045242630
0.00001070944745151792
0.00001070944745151792
0.00000981699304247741
0.00000847831324790604
0.00000937076583795715
0.00000847831324790604
0.00000937076583795715
0.00001294058165512979
0.00001249435445060953
0.00001026322024699766
0.00001294058165512979
0.00000847831142891664
0.00001338680885965005
0.00000937076583795715
0.00000892453863343690
0.00000937076765694655
0.00000937076583795715
0.00000981699304247741
0.00000892454045242630
0.00000981699304247741
0.00000981699304247741
0.00000937076765694655
0.00000937076765694655
0.00000981699304247741
0.00000892454045242630
0.00000981699304247741
0.00001070944745151792
0.00000981699486146681
0.00000937076765694655
0.00000981699304247741
0.00000981699304247741
0.00000981699304247741
0.00000937076765694655
0.00000937076765694655
0.00000892453863343690
0.00000937076583795715
0.00001160190004156902
0.00000981699304247741
0.00000937076583795715
0.00000937076583795715
0.00000981699304247741
0.00000892453863343690
0.00001026322024699766
0.00000847831324790604
0.00000981699304247741
0.00000937076765694655
0.00000847831142891664
0.00000937076583795715
0.00001026322024699766
0.00000981699304247741
0.00000981699486146681
0.00000981699304247741
0.00000937076765694655
0.00000937076583795715
0.00000981699486146681
0.00000981699304247741
0.00000981699486146681
0.00000847831142891664
0.00000981699304247741
0.00000937076765694655
0.00000937076765694655
0.00001070944745151792
0.00001026322024699766
0.00000937076583795715
0.00000937076765694655
0.00000803208422439639
0.00001294058347411919
0.00001160190186055843
0.00000892454045242630
0.00000892453863343690
0.00000847831142891664
0.00001026322024699766
0.00000937076583795715
0.00000981699304247741
0.00000981699304247741
0.00000892453863343690
0.00000981699304247741
0.00001383303606417030
0.00000981699486146681
0.00001070944745151792
0.00000847831142891664
0.00000981699304247741
0.00000892454045242630
0.00000981699304247741
0.00001026322024699766
0.00000981699304247741
0.00000937076583795715
0.00000937076765694655
0.00000937076765694655
0.00000981699304247741
0.00000847831324790604
0.00001070944745151792
0.00000892454045242630
0.00000892453863343690
