0.00000446226977146580
0.00000401604273747580
0.00000580095064606212
0.00000713963152065844
0.00000580095064606212
0.00000401604273747580
0.00000758585855464844
0.00000401604273747580
0.00000446226971462238
0.00000401604279431922
0.00000401604273747580
0.00000446226971462238
0.00000446226971462238
0.00000401604273747580
0.00000401604279431922
0.00000446226971462238
0.00000401604279431922
0.00000847831245209818
0.00000446226971462238
0.00000356981581717264
0.00000446226971462238
0.00000401604279431922
0.00000446226971462238
0.00000401604279431922
0.00000446226971462238
0.00000356981576032922
0.00000401604273747580
0.00000446226977146580
0.00000446226971462238
0.00000446226971462238
0.00000669340460035528
0.00000401604279431922
0.00000401604273747580
0.00000401604273747580
0.00000401604273747580
0.00000446226977146580
0.00000401604273747580
0.00000446226971462238
0.00000401604273747580
0.00000446226971462238
0.00000446226971462238
0.00000446226971462238
0.00000401604279431922
0.00000713963152065844
0.00000446226971462238
0.00000401604273747580
0.00000401604279431922
0.00000401604273747580
0.00000401604273747580
0.00000401604279431922
0.00000446226971462238
0.00000446226971462238
0.00000401604273747580
0.00000401604273747580
0.00000401604273747580
0.00000446226971462238
0.00000446226971462238
0.00000490849669176896
0.00000401604273747580
0.00000401604279431922
0.00000446226971462238
0.00000446226977146580
0.00000446226971462238
0.00000401604279431922
0.00000446226971462238
0.00000624717762320870
0.00000401604273747580
0.00000446226971462238
0.00000624717762320870
0.00000446226971462238
0.00000446226971462238
0.00000490849669176896
0.00000446226971462238
0.00000446226971462238
0.00000401604279431922
0.00000446226971462238
0.00000446226971462238
0.00000401604273747580
0.00000490849669176896
0.00000892453942924476
0.00000490849669176896
0.00000446226977146580
0.00000669340460035528
0.00000803208547495160
0.00000446226971462238
0.00000401604273747580
0.00000446226971462238
0.00000446226977146580
0.00000401604273747580
0.00000446226971462238
0.00000401604273747580
0.00000401604279431922
0.00000446226971462238
0.00000490849669176896
0.00000401604273747580
0.00000446226971462238
0.00000446226971462238
0.00000446226977146580
0.00000446226971462238
0.00000446226971462238
0.00000401604273747580
0.00000401604273747580
0.00000803208553179502
0.00000401604273747580
0.00000401604273747580
0.00000446226971462238
0.00000446226971462238
0.00000401604273747580
0.00000401604273747580
0.00000446226971462238
0.00000401604273747580
0.00000401604273747580
0.00000446226977146580
0.00000446226971462238
0.00000401604273747580
0.00000446226971462238
0.00000401604273747580
0.00000446226971462238
0.00000401604279431922
0.00000446226977146580
0.00000446226971462238
0.00000401604273747580
0.00000401604273747580
0.00000401604279431922
0.00000401604279431922
0.00000401604273747580
0.00000401604273747580
0.00000401604273747580
0.00000624717762320870
0.00000401604273747580
0.00000401604273747580
0.00000401604279431922
0.00000401604273747580
0.00000490849669176896
0.00000446226971462238
0.00000446226971462238
0.00000401604273747580
0.00000401604273747580
0.00000401604273747580
0.00000401604273747580
0.00000446226977146580
0.00000401604279431922
0.00000490849669176896
0.00000356981576032922
0.00000401604273747580
0.00000401604273747580
0.00000624717762320870
0.00000401604273747580
0.00000401604279431922
0.00000446226971462238
0.00000758585849780502
0.00000446226971462238
0.00000446226977146580
0.00000401604273747580
0.00000401604279431922
0.00000446226971462238
0.00000580095064606212
0.00000401604273747580
0.00000401604279431922
0.00000401604279431922
0.00000669340460035528
0.00000446226971462238
0.00000446226971462238
0.00000446226971462238
0.00000803208547495160
0.00000401604273747580
0.00000401604273747580
0.00000401604273747580
0.00000401604273747580
0.00000446226971462238
0.00000446226977146580
0.00000446226977146580
0.00000446226971462238
0.00000401604273747580
0.00000446226971462238
0.00000401604273747580
0.00000446226971462238
0.00000446226971462238
0.00000937076640639134
0.00000401604279431922
0.00000624717762320870
0.00000446226971462238
0.00000401604273747580
0.00000446226971462238
0.00000446226971462238
0.00000446226971462238
0.00000446226971462238
0.00000401604273747580
0.00000446226977146580
0.00000446226971462238
0.00000401604273747580
0.00000624717762320870
0.00000446226977146580
0.00000401604273747580
0.00000446226971462238
0.00000446226971462238
0.00000446226971462238
0.00000401604273747580
0.00000580095064606212
0.00000490849669176896
0.00000446226971462238
0.00000490849669176896
0.00000535472366891554
0.00000669340460035528
0.00000624717762320870
0.00000446226971462238
0.00000446226971462238
0.00000401604273747580
0.00000446226971462238
0.00000446226977146580
0.00000490849669176896
0.00000490849669176896
0.00000446226971462238
0.00000401604273747580
0.00000401604273747580
0.00006113309524380384
0.00000401604279431922
0.00000446226971462238
0.00000401604273747580
0.00000446226971462238
0.00000401604279431922
0.00000446226977146580
0.00000446226971462238
0.00000446226971462238
0.00000401604273747580
0.00000446226971462238
0.00000446226971462238
0.00000446226977146580
0.00000446226977146580
0.00000401604279431922
0.00000401604273747580
0.00000401604273747580
0.00000446226971462238
0.00000847831250894160
0.00000401604273747580
0.00000401604279431922
0.00000401604273747580
0.00000401604273747580
0.00000401604273747580
0.00000401604273747580
0.00000356981576032922
0.00000356981581717264
0.00000446226971462238
0.00000401604273747580
0.00000490849669176896
0.00000446226977146580
0.00000446226971462238
0.00000401604273747580
0.00000401604279431922
0.00000446226971462238
0.00000446226971462238
0.00000401604273747580
0.00000446226971462238
0.00000446226971462238
0.00000624717762320870
0.00000758585855464844
0.00000401604273747580
0.00000446226971462238
0.00000401604279431922
0.00000446226971462238
0.00000624717762320870
0.00000401604273747580
0.00000401604279431922
0.00000446226971462238
0.00000446226971462238
0.00000446226971462238
0.00000401604273747580
0.00000401604273747580
0.00000401604273747580
0.00000401604273747580
0.00000446226971462238
0.00000580095064606212
0.00000401604273747580
0.00000401604273747580
0.00000401604273747580
0.00000401604273747580
0.00000401604273747580
0.00000446226971462238
0.00000401604279431922
0.00000669340460035528
0.00000490849669176896
0.00000401604273747580
0.00000535472366891554
0.00000758585855464844
0.00000401604273747580
0.00000535472366891554
0.00000446226971462238
0.00000401604273747580
0.00000401604273747580
0.00000446226971462238
0.00000446226971462238
0.00000446226971462238
0.00000401604273747580
0.00000401604279431922
0.00000401604279431922
0.00000758585849780502
0.00000446226971462238
0.00000401604273747580
0.00000446226971462238
0.00000624717762320870
0.00000401604273747580
0.00000490849669176896
0.00000446226971462238
0.00000446226971462238
0.00000446226971462238
0.00000446226971462238
0.00000446226971462238
0.00000401604273747580
0.00000401604279431922
0.00000847831245209818
0.00000401604273747580
0.00000401604273747580
0.00000401604273747580
0.00000669340460035528
0.00000490849669176896
0.00000446226971462238
0.00000401604273747580
0.00000401604273747580
0.00000401604273747580
0.00000758585855464844
0.00000401604279431922
0.00000446226971462238
0.00000401604273747580
0.00000401604273747580
0.00000490849669176896
0.00000401604279431922
0.00000446226971462238
0.00000446226971462238
0.00000401604279431922
0.00000580095064606212
0.00000669340460035528
0.00000401604273747580
0.00000446226971462238
0.00000803208547495160
0.00000446226971462238
0.00000401604273747580
0.00000446226977146580
0.00000401604279431922
0.00000401604279431922
0.00000401604273747580
0.00000446226971462238
0.00000446226971462238
0.00000446226977146580
0.00000758585849780502
0.00000803208553179502
0.00000401604279431922
0.00000446226971462238
0.00000490849674861238
0.00000446226971462238
0.00000446226971462238
0.00000356981581717264
0.00000446226971462238
0.00000401604273747580
0.00000401604273747580
0.00000669340454351186
0.00000401604273747580
0.00000847831250894160
0.00000401604273747580
0.00000624717756636528
0.00000401604279431922
0.00000490849669176896
0.00000446226971462238
0.00000401604279431922
0.00000446226971462238
0.00000401604273747580
0.00000401604273747580
0.00000401604273747580
0.00000401604279431922
0.00000624717762320870
0.00000401604273747580
0.00000446226977146580
0.00000401604273747580
0.00000401604273747580
