0.00009950861485793008
0.00000803208550423373
0.00000401604275213074
0.00000401604275213074
0.00000490849669704252
0.00000401604275213074
0.00000446226972450336
0.00000981699339408504
0.00000446226972450336
0.00000356981577964710
0.00000401604275213074
0.00000401604275213074
0.00000401604275213074
0.00000356981577964710
0.00000401604275213074
0.00000401604275213074
0.00000401604275190870
0.00000356981577964710
0.00000937076642149037
0.00000401604275213074
0.00000401604275213074
0.00000401604275213074
0.00000490849669709803
0.00000535472366935963
0.00000446226972439234
0.00000446226972439234
0.00000401604275168665
0.00000401604275213074
0.00000713963155929420
0.00000401604275213074
0.00000535472366935963
0.00000401604275213074
0.00000669340458703260
0.00000446226972483643
0.00000401604275213074
0.00000669340458703260
0.00000446226972439234
0.00000446226972439234
0.00000446226972439234
0.00000401604275213074
0.00000401604275213074
0.00000401604275213074
0.00000401604275213074
0.00000401604275213074
0.00000446226972439234
0.00000401604275213074
0.00000446226972439234
0.00000401604275168665
0.00000446226972439234
0.00000401604275257483
0.00000401604275168665
0.00000401604275168665
0.00000401604275168665
0.00000490849669709803
0.00000401604275168665
0.00000401604275257483
0.00000401604275168665
0.00000401604275257483
0.00000401604275257483
0.00000401604275168665
0.00000401604275168665
0.00000758585853155580
0.00000446226972439234
0.00001115567431142495
0.00000401604275168665
0.00000490849669709803
0.00000401604275257483
0.00000401604275257483
0.00000401604275257483
0.00000401604275257483
0.00000446226972528052
0.00000713963155885011
0.00000401604275257483
0.00000401604275168665
0.00000401604275257483
0.00000446226972528052
0.00000446226972439234
0.00000401604275168665
0.00000401604275257483
0.00000401604275257483
0.00000490849669709803
0.00000401604275168665
0.00000446226972439234
0.00000401604275168665
0.00000401604275168665
0.00000446226972439234
0.00000401604275257483
0.00000758585853244398
0.00000401604275257483
0.00000401604275257483
0.00000401604275168665
0.00000401604275168665
0.00000401604275168665
0.00000401604275168665
0.00000401604275168665
0.00000446226972528052
0.00000401604275168665
0.00000401604275168665
0.00000401604275168665
0.00000356981577986915
0.00000401604275346301
0.00000446226972350416
0.00000401604275168665
0.00000401604275168665
0.00000401604275168665
0.00000758585853155580
0.00000401604275168665
0.00000401604275168665
0.00000401604275168665
0.00000401604275168665
0.00000580095064073305
0.00000401604275168665
0.00000446226972350416
0.00000401604275168665
0.00000356981577986915
0.00000490849669709803
0.00000446226972350416
0.00000401604275168665
0.00000401604275168665
0.00000401604275168665
0.00000401604275168665
0.00000401604275168665
0.00000803208550514967
0.00000446226972350416
0.00000401604275168665
0.00000356981577986915
0.00000401604275168665
0.00000401604275168665
0.00000401604275346301
0.00000446226972528052
0.00000401604275168665
0.00000401604275168665
0.00000401604275168665
0.00000401604275346301
0.00000401604275168665
0.00000981699339419606
0.00000401604275346301
0.00000446226972350416
0.00000446226972528052
0.00000401604275168665
0.00000401604275168665
0.00000401604275346301
0.00000892453944878469
0.00000446226972528052
0.00000401604275346301
0.00000490849669709803
0.00000356981577809279
0.00000401604275346301
0.00000401604275168665
0.00000401604275168665
0.00000401604275346301
0.00000401604275346301
0.00000446226972528052
0.00000446226972350416
0.00000401604275168665
0.00000401604275168665
0.00000401604275346301
0.00000401604275168665
0.00000446226972528052
0.00000446226972528052
0.00000490849669709803
0.00000356981577986915
0.00000401604275168665
0.00000401604275168665
0.00000356981577986915
0.00000401604275168665
0.00000401604275168665
0.00000401604275346301
0.00000401604275168665
0.00000401604275346301
0.00000490849669709803
0.00000401604275168665
0.00000446226972350416
0.00000401604275346301
0.00000401604275168665
0.00000401604275168665
0.00000401604275168665
0.00000356981577986915
0.00000892453944878469
0.00000446226972528052
0.00000401604275168665
0.00000401604275168665
0.00000401604275346301
0.00000401604275168665
0.00000401604275168665
0.00000401604275346301
0.00000446226972528052
0.00000401604275168665
0.00000446226972350416
0.00000446226972350416
0.00000535472367069190
0.00000401604275346301
0.00000446226972172781
0.00000401604275168665
0.00000401604275168665
0.00000401604275168665
0.00000401604275168665
0.00000401604275168665
0.00000446226972528052
0.00000446226972528052
0.00000446226972172781
0.00000401604275168665
0.00000401604275168665
0.00000401604275168665
0.00000401604275168665
0.00000401604275168665
0.00000401604275168665
0.00000490849669532167
0.00000446226972528052
0.00000401604275168665
0.00000401604275168665
0.00000446226972528052
0.00000401604275168665
0.00000401604275168665
0.00000401604275168665
0.00000446226972528052
0.00000401604275523937
0.00000356981577809279
0.00000446226972528052
0.00000446226972172781
0.00000401604275168665
0.00000446226972528052
0.00000401604275168665
0.00000356981578164550
0.00000535472367246825
0.00000401604275168665
0.00000401604275168665
0.00000490849669887439
0.00000446226972528052
0.00000446226972528052
0.00000401604275168665
0.00000446226972528052
0.00000401604275168665
0.00000446226972172781
0.00000401604275168665
0.00000446226972172781
0.00000401604275168665
0.00000401604275168665
0.00000446226972528052
0.00000446226972172781
0.00000401604275168665
0.00000490849669887439
0.00000446226972528052
0.00000401604275168665
0.00000356981578164550
0.00000446226972528052
0.00000401604275168665
0.00000401604275168665
0.00000490849669532167
0.00000446226972528052
0.00000401604275523937
0.00000401604275168665
0.00000401604275168665
0.00000401604275168665
0.00000401604275168665
0.00000490849669887439
0.00000401604275168665
0.00000401604275523937
0.00000401604275523937
0.00000446226972528052
0.00000446226972172781
0.00000401604275168665
0.00000446226972528052
0.00000446226972172781
0.00000490849669532167
0.00000401604275168665
0.00000401604275168665
0.00000401604275168665
0.00000401604275168665
0.00000446226972528052
0.00000401604275168665
0.00000401604275168665
0.00000401604275168665
0.00000401604275168665
0.00000401604275168665
0.00000446226972528052
0.00000401604275168665
0.00000401604275168665
0.00000401604275168665
0.00000401604275168665
0.00000446226972528052
0.00000401604275168665
0.00000446226972528052
0.00000401604275168665
0.00000401604275168665
0.00000446226972528052
0.00000401604275168665
0.00000401604275168665
0.00000401604275523937
0.00000446226972528052
0.00000401604275168665
0.00000401604275168665
0.00000401604275523937
0.00000446226972528052
0.00000401604275168665
0.00000401604275168665
0.00000446226972528052
0.00000401604275168665
0.00000356981577809279
0.00000401604275168665
0.00000401604275168665
0.00000401604275168665
0.00000401604275168665
0.00000401604275523937
0.00000401604275168665
0.00000446226972528052
0.00000356981578164550
0.00000401604275168665
0.00000446226972528052
0.00000446226972528052
0.00000713963155973829
0.00000401604275168665
0.00000401604275168665
0.00000401604275168665
0.00000401604275168665
0.00000401604275168665
0.00000401604275168665
0.00000401604275168665
0.00000401604275168665
0.00000401604275523937
0.00000669340458614442
0.00000446226972528052
0.00000401604275168665
0.00000446226972528052
0.00000401604275168665
0.00000446226972528052
0.00000401604275168665
0.00000401604275168665
0.00000401604275168665
0.00000446226972528052
0.00000535472366891554
0.00000446226972528052
0.00000401604275168665
0.00000401604275168665
0.00000446226972528052
0.00000446226972528052
0.00000669340458614442
0.00000401604275523937
0.00000401604275168665
0.00000401604275168665
0.00000401604275168665
0.00000446226972172781
0.00000356981577809279
0.00000401604275168665
0.00000401604275168665
0.00000446226972528052
0.00000446226972528052
0.00000356981577809279
0.00000446226972528052
0.00000401604275168665
0.00000401604275168665
0.00000401604275168665
0.00000446226972172781
0.00000446226972528052
0.00000401604275168665
0.00000490849669887439
0.00001383303614588272
0.00000401604275168665
0.00000401604275168665
0.00000490849669532167
0.00000401604275168665
0.00000401604275168665
0.00000446226972528052
0.00000401604275168665
0.00000446226972528052
0.00000356981577809279
0.00000356981578164550
0.00000401604275168665
0.00000446226972528052
0.00000401604275523937
0.00000401604275523937
0.00000401604275168665
0.00000401604275168665
