0.00003391324990786870
0.00002632739138164197
0.00002677361834457770
0.00003614438476517989
0.00002677361835168313
0.00002766607229176543
0.00002632739137453655
0.00003302079596068097
0.00002588116440449539
0.00002766607229176543
0.00002811229926180658
0.00002632739137453655
0.00002766607229176543
0.00002632739137453655
0.00003168211504345209
0.00003078966110336978
0.00002588116440449539
0.00003257456899063982
0.00002677361834457770
0.00002677361834457770
0.00002588116440449539
0.00005890196036517636
0.00002721984532172428
0.00003346702293072212
0.00002588116439738997
0.00002498871045730766
0.00002721984532172428
0.00002632739137453655
0.00002900475320899432
0.00002632739137453655
0.00002677361834457770
0.00003078966109626435
0.00002989720715618205
0.00002588116440449539
0.00003302079596068097
0.00002498871045730766
0.00002588116439738997
0.00002677361835168313
0.00003212834202059867
0.00003123588807341093
0.00002721984532172428
0.00002454248348726651
0.00002766607229176543
0.00002588116440449539
0.00002588116439738997
0.00002632739137453655
0.00002632739137453655
0.00002543493742734881
0.00003168211504345209
0.00003123588807341093
0.00002588116440449539
0.00002588116440449539
0.00003123588807341093
0.00002677361835168313
0.00002721984531461885
0.00002632739137453655
0.00002989720714907662
0.00002677361835168313
0.00002588116439738997
0.00003034343412622320
0.00002543493742734881
0.00002543493742734881
0.00003212834202059867
0.00002498871045730766
0.00002855852623895316
0.00002721984531461885
0.00002855852623895316
0.00002677361834457770
0.00002543493742734881
0.00002632739137453655
0.00002766607229176543
0.00003212834201349324
0.00002632739137453655
0.00002632739137453655
0.00003123588807341093
0.00002543493743445424
0.00002498871045730766
0.00002543493742734881
0.00003034343413332863
0.00002588116439738997
0.00002855852623184774
0.00003123588807341093
0.00002588116440449539
0.00002498871045730766
0.00003212834201349324
0.00002588116440449539
0.00002855852623895316
0.00002900475320899432
0.00002632739137453655
0.00002543493743445424
0.00003078966110336978
0.00003346702293072212
0.00002588116439738997
0.00003123588807341093
0.00002543493743445424
0.00002766607229176543
0.00002632739137453655
0.00002677361834457770
0.00002721984532172428
0.00002588116440449539
0.00002632739137453655
0.00002543493742734881
0.00002766607229176543
0.00003078966110336978
0.00002543493743445424
0.00002588116439738997
0.00003168211504345209
0.00003123588807341093
0.00002677361834457770
0.00002989720715618205
0.00003078966110336978
0.00002632739137453655
0.00002632739137453655
0.00003168211504345209
0.00002677361834457770
0.00002811229926891201
0.00002766607229176543
0.00002677361834457770
0.00002632739137453655
0.00002945098017903547
0.00003078966109626435
0.00002543493742734881
0.00002498871045730766
0.00002677361835168313
0.00002677361835168313
0.00002811229926891201
0.00002900475320899432
0.00002543493743445424
0.00002231134862284989
0.00003123588807341093
0.00002855852623895316
0.00002677361835168313
0.00002632739137453655
0.00003123588806630551
0.00002632739137453655
0.00002588116440449539
0.00002543493743445424
0.00002588116440449539
0.00002900475320899432
0.00003926797357678424
0.00002588116440449539
0.00002721984531461885
0.00003168211504345209
0.00002945098017903547
0.00002454248348726651
0.00003078966109626435
0.00002766607229176543
0.00002766607229176543
0.00003212834202059867
0.00002721984532172428
0.00002632739137453655
0.00002498871045730766
0.00002498871045730766
0.00002721984532172428
0.00002677361834457770
0.00003168211504345209
0.00002498871045730766
0.00002498871045730766
0.00002811229926180658
0.00002543493742734881
0.00002454248348726651
0.00003168211504345209
0.00002677361835168313
0.00002588116439738997
0.00003168211504345209
0.00002900475320899432
0.00002320380256293220
0.00002989720715618205
0.00003168211504345209
0.00002632739137453655
0.00002989720715618205
0.00003034343412622320
0.00002677361835168313
0.00002721984532172428
0.00002766607229176543
0.00002543493743445424
0.00002677361834457770
0.00002543493743445424
0.00002454248348726651
0.00002498871045730766
0.00002855852623895316
0.00003257456899063982
0.00002498871045730766
0.00003257456899063982
0.00003078966110336978
0.00002498871045730766
0.00003078966109626435
0.00003078966109626435
0.00002454248348726651
0.00002811229926891201
0.00002945098018614090
0.00002543493743445424
0.00002632739137453655
0.00002632739137453655
0.00002588116440449539
0.00002632739138164197
0.00003078966109626435
0.00003078966109626435
0.00003034343412622320
0.00003123588807341093
0.00002632739137453655
0.00002543493743445424
0.00002498871045730766
0.00003078966109626435
0.00002543493742734881
0.00002588116439738997
0.00002632739137453655
0.00002498871045730766
0.00002543493743445424
0.00002632739137453655
0.00002454248348016108
0.00002677361834457770
0.00003034343412622320
0.00002543493742734881
0.00002543493742734881
0.00002721984532172428
0.00003168211504345209
0.00002632739137453655
0.00002498871045730766
0.00003346702293782755
0.00002900475320899432
0.00002632739137453655
0.00002543493743445424
0.00002811229926891201
0.00002677361834457770
0.00002543493742734881
0.00002945098018614090
0.00002588116440449539
0.00002721984531461885
0.00002721984532172428
0.00002543493743445424
0.00002677361834457770
0.00003078966109626435
0.00002632739137453655
0.00002543493743445424
0.00002588116439738997
0.00002855852623895316
0.00002454248348016108
0.00002409625651011993
0.00002543493742734881
0.00002811229926891201
0.00002721984532172428
0.00002855852623895316
0.00002811229926891201
0.00002632739137453655
0.00002409625651011993
0.00003034343412622320
0.00002588116440449539
0.00002632739137453655
0.00002721984532172428
0.00002498871045730766
0.00002677361834457770
0.00002454248348726651
0.00002498871045730766
0.00002811229926891201
0.00002632739137453655
0.00002498871045730766
0.00002588116439738997
0.00003391324990786870
0.00003168211504345209
0.00002543493743445424
0.00002677361835168313
0.00003346702293072212
0.00002588116440449539
0.00002543493742734881
0.00002543493743445424
0.00002588116440449539
0.00002588116440449539
0.00002945098017903547
0.00002409625651722536
0.00002498871045730766
0.00002588116439738997
0.00002543493742734881
0.00002543493742734881
0.00003257456898353439
0.00003346702293782755
0.00002811229926180658
0.00002498871045730766
0.00003034343412622320
0.00002721984532172428
0.00002498871045730766
0.00002632739137453655
0.00002811229926891201
0.00002543493742734881
0.00002855852623895316
0.00002498871045730766
0.00002588116439738997
0.00003212834202059867
0.00002811229926180658
0.00002409625651722536
0.00003257456899063982
0.00003302079596778640
0.00002766607229176543
0.00002454248348726651
0.00003212834202059867
0.00002588116439738997
0.00002632739137453655
0.00002454248348016108
0.00002588116440449539
0.00002677361835168313
0.00002632739137453655
0.00002811229926180658
0.00003257456899063982
0.00002588116440449539
0.00002677361835168313
0.00002766607229887086
0.00002498871045730766
0.00002543493743445424
0.00003257456898353439
0.00002721984531461885
0.00002543493743445424
0.00002632739137453655
0.00003078966110336978
0.00003748306568951421
0.00003302079596068097
0.00002721984532172428
0.00002543493743445424
0.00002543493742734881
0.00002900475320899432
0.00002498871045730766
0.00002677361834457770
0.00003123588806630551
0.00002498871045730766
0.00002588116440449539
0.00002677361835168313
0.00003123588807341093
0.00002454248348726651
0.00003212834202059867
0.00002677361835168313
0.00002632739137453655
0.00002498871045730766
0.00003302079596068097
0.00003168211504345209
0.00002721984532172428
0.00002454248348726651
0.00003168211504345209
0.00002543493743445424
0.00002632739137453655
0.00002677361834457770
0.00002945098017903547
0.00002543493743445424
0.00002811229926891201
0.00002543493742734881
0.00002632739137453655
0.00003034343412622320
0.00002498871045730766
0.00002588116439738997
0.00002632739137453655
0.00002588116440449539
0.00002632739137453655
0.00003123588807341093
0.00003078966110336978
0.00002498871045730766
0.00002588116439738997
0.00003034343413332863
0.00002989720715618205
0.00002543493743445424
0.00003212834202059867
0.00002632739137453655
0.00003078966110336978
0.00003168211504345209
0.00002989720714907662
0.00002632739137453655
0.00002543493743445424
0.00003212834202059867
0.00002543493743445424
0.00002588116440449539
0.00003212834202059867
0.00002543493742734881
0.00002632739137453655
0.00002721984532172428
0.00002498871045730766
0.00002275757559289104
