0.00002677361840142112
0.00003792929260271194
0.00002320380258424848
0.00002721984526488086
0.00002632739142427454
0.00003480570376268588
0.00002632739142427454
0.00002632739142427454
0.00003435947678553930
0.00003078966108205350
0.00002677361828773428
0.00002677361828773428
0.00002677361828773428
0.00002588116444712796
0.00002632739131058770
0.00002588116444712796
0.00002677361840142112
0.00002721984526488086
0.00002989720712776034
0.00002677361828773428
0.00002543493746998138
0.00003078966108205350
0.00002498871049283480
0.00003078966108205350
0.00002945098026430060
0.00002811229933286086
0.00002588116444712796
0.00002945098026430060
0.00002632739142427454
0.00002454248351568822
0.00002632739131058770
0.00002632739142427454
0.00002677361828773428
0.00003034343410490692
0.00002945098015061376
0.00002588116444712796
0.00002588116444712796
0.00002588116433344112
0.00002543493746998138
0.00002498871049283480
0.00002632739142427454
0.00002409625653854164
0.00002588116444712796
0.00002721984526488086
0.00002632739142427454
0.00002766607224202744
0.00002632739142427454
0.00002588116444712796
0.00002855852631000744
0.00002588116433344112
0.00003212834201349324
0.00002766607235571428
0.00003034343421859376
0.00003123588805920008
0.00002677361840142112
0.00002766607224202744
0.00002677361840142112
0.00002766607235571428
0.00002588116433344112
0.00002721984537856770
0.00002677361840142112
0.00002721984526488086
0.00002588116433344112
0.00002632739131058770
0.00002632739142427454
0.00002588116433344112
0.00002632739131058770
0.00002632739142427454
0.00003034343421859376
0.00002632739142427454
0.00002543493735629454
0.00003123588805920008
0.00002721984537856770
0.00002588116433344112
0.00002588116444712796
0.00003123588805920008
0.00002677361840142112
0.00002900475317346718
0.00002811229933286086
0.00002677361828773428
0.00002855852619632060
0.00002766607224202744
0.00002588116433344112
0.00003168211503634666
0.00002855852619632060
0.00002677361840142112
0.00002721984526488086
0.00002498871037914796
0.00002588116444712796
0.00002632739131058770
0.00002989720712776034
0.00002632739142427454
0.00002588116433344112
0.00002989720712776034
0.00002632739131058770
0.00002588116444712796
0.00003302079596778640
0.00002855852619632060
0.00002588116444712796
0.00002543493735629454
0.00002677361828773428
0.00002900475317346718
0.00002900475328715402
0.00002632739142427454
0.00003078966108205350
0.00003302079585409956
0.00002543493735629454
0.00002588116433344112
0.00002632739142427454
0.00002945098015061376
0.00002721984537856770
0.00002811229933286086
0.00003078966108205350
0.00002588116433344112
0.00002855852619632060
0.00002588116433344112
0.00002543493746998138
0.00002588116444712796
0.00002498871049283480
0.00002632739142427454
0.00002677361840142112
0.00002989720712776034
0.00002588116433344112
0.00002855852619632060
0.00002766607224202744
0.00002588116444712796
0.00003212834201349324
0.00005220855575771566
0.00002989720712776034
0.00002588116444712796
0.00002989720712776034
0.00003123588805920008
0.00002498871049283480
0.00002900475317346718
0.00002721984537856770
0.00003302079596778640
0.00002721984537856770
0.00002543493746998138
0.00002588116444712796
0.00002632739131058770
0.00002498871037914796
0.00003212834201349324
0.00002588116433344112
0.00002588116433344112
0.00003257456899063982
0.00002766607235571428
0.00002588116444712796
0.00002588116444712796
0.00002677361840142112
0.00002543493746998138
0.00002721984537856770
0.00002677361840142112
0.00002811229933286086
0.00002543493746998138
0.00002766607235571428
0.00002498871049283480
0.00002588116444712796
0.00003123588805920008
0.00002900475317346718
0.00002498871049283480
0.00002543493746998138
0.00003168211503634666
0.00002677361828773428
0.00002588116444712796
0.00002677361828773428
0.00002945098015061376
0.00002766607235571428
0.00002721984537856770
0.00003257456899063982
0.00002766607235571428
0.00002588116433344112
0.00002721984526488086
0.00003212834201349324
0.00002855852631000744
0.00002632739142427454
0.00002543493746998138
0.00002900475317346718
0.00002632739142427454
0.00002588116444712796
0.00002900475328715402
0.00002677361840142112
0.00002632739131058770
0.00002677361840142112
0.00003212834201349324
0.00002855852619632060
0.00003034343410490692
0.00003346702294493298
0.00003257456899063982
0.00002900475328715402
0.00002632739142427454
0.00003257456899063982
0.00002900475328715402
0.00002588116433344112
0.00002588116444712796
0.00002677361828773428
0.00002588116444712796
0.00002588116444712796
0.00002588116433344112
0.00002632739131058770
0.00002677361828773428
0.00002721984526488086
0.00002588116433344112
0.00003123588817288692
0.00002588116444712796
0.00003212834201349324
0.00002766607224202744
0.00003078966108205350
0.00002632739142427454
0.00002900475317346718
0.00002989720724144718
0.00002632739142427454
0.00003078966108205350
0.00002811229921917402
0.00002632739142427454
0.00002632739131058770
0.00002900475328715402
0.00002811229921917402
0.00002632739131058770
0.00002677361840142112
0.00003168211503634666
0.00002989720712776034
0.00002498871049283480
0.00003168211503634666
0.00003168211503634666
0.00002543493735629454
0.00002811229933286086
0.00002855852631000744
0.00003302079596778640
0.00002588116433344112
0.00003078966108205350
0.00002855852619632060
0.00002766607235571428
0.00002677361828773428
0.00002811229921917402
0.00002632739142427454
0.00002811229921917402
0.00003123588805920008
0.00003123588817288692
0.00002454248351568822
0.00002498871037914796
0.00002811229921917402
0.00003123588805920008
0.00002498871049283480
0.00002543493746998138
0.00002811229921917402
0.00002588116433344112
0.00002409625642485480
0.00002588116444712796
0.00002632739131058770
0.00002498871037914796
0.00002588116433344112
0.00003168211503634666
0.00002543493746998138
0.00002543493746998138
0.00002945098015061376
0.00002588116433344112
0.00003078966108205350
0.00002677361840142112
0.00003078966108205350
0.00002677361828773428
0.00002632739131058770
0.00002900475317346718
0.00002945098015061376
0.00002454248340200138
0.00002543493746998138
0.00002900475328715402
0.00002855852631000744
0.00002588116444712796
0.00003257456899063982
0.00002677361828773428
0.00002721984526488086
0.00002721984537856770
0.00002811229921917402
0.00002588116433344112
0.00002721984537856770
0.00003034343421859376
0.00002945098015061376
0.00002632739142427454
0.00003168211503634666
0.00002632739142427454
0.00002588116444712796
0.00002632739142427454
0.00002855852619632060
0.00002632739131058770
0.00002543493735629454
0.00002855852631000744
0.00003034343410490692
0.00002588116433344112
0.00002811229921917402
0.00003078966108205350
0.00002588116444712796
0.00002498871049283480
0.00002632739131058770
0.00002945098015061376
0.00002588116444712796
0.00002498871037914796
0.00002855852619632060
0.00002588116444712796
0.00002900475328715402
0.00002543493746998138
0.00002588116444712796
0.00003078966119574034
0.00003034343410490692
0.00002588116444712796
0.00002588116433344112
0.00002900475317346718
0.00002632739142427454
0.00002498871049283480
0.00003212834201349324
0.00002900475328715402
0.00002632739131058770
0.00002632739131058770
0.00003078966108205350
0.00003302079596778640
0.00002632739142427454
0.00002543493746998138
0.00002766607224202744
0.00003034343410490692
0.00002766607224202744
0.00002632739142427454
0.00002721984537856770
0.00002677361840142112
0.00002677361840142112
0.00002677361828773428
0.00002588116433344112
0.00002588116433344112
0.00002945098026430060
0.00002945098015061376
0.00002632739131058770
0.00002721984537856770
0.00002811229933286086
0.00002588116433344112
0.00002721984537856770
0.00002721984537856770
0.00003212834201349324
0.00002632739131058770
0.00002632739142427454
0.00002945098026430060
0.00002677361828773428
0.00002632739142427454
0.00002855852619632060
0.00002543493746998138
0.00002766607235571428
0.00003168211503634666
0.00002900475317346718
0.00003302079596778640
0.00002677361840142112
0.00002677361828773428
0.00002989720712776034
0.00003034343410490692
0.00002588116444712796
0.00002543493746998138
0.00002989720724144718
0.00002588116433344112
0.00002632739131058770
0.00003168211515003350
0.00003034343410490692
0.00002498871049283480
0.00002588116444712796
0.00002632739131058770
0.00002588116444712796
0.00002677361828773428
0.00002632739142427454
0.00003078966108205350
0.00002632739131058770
0.00002677361840142112
0.00003212834201349324
0.00002320380258424848
0.00002900475317346718
0.00003302079596778640
0.00003435947689922614
0.00002766607224202744
0.00002811229921917402
