0.00031503624255470298
0.00003926797357622913
0.00003212834201693493
0.00002632739137498064
0.00002721984531989241
0.00002945098018219960
0.00002588116440249699
0.00003703683871392194
0.00002632739137498064
0.00003034343412711138
0.00002588116440249699
0.00002677361834746428
0.00002632739137498064
0.00002588116440249699
0.00002677361834746428
0.00002588116440249699
0.00002543493743001335
0.00003168211504456231
0.00003212834201682391
0.00003034343412711138
0.00002588116440249699
0.00003391324990675848
0.00002677361834746428
0.00002811229926491521
0.00002632739137498064
0.00002766607229265361
0.00002632739137498064
0.00002588116440271904
0.00002632739137498064
0.00003525193082420941
0.00003748306568640558
0.00002588116440227495
0.00002855852623717681
0.00002766607229220952
0.00002588116440271904
0.00002855852623717681
0.00002677361834724223
0.00002632739137498064
0.00002588116440271904
0.00003168211504478435
0.00002588116440227495
0.00002721984531994792
0.00002632739137498064
0.00003034343412711138
0.00003257456898930755
0.00002855852623717681
0.00002945098018214409
0.00003212834201704595
0.00002632739137453655
0.00002900475320988249
0.00003034343412711138
0.00002588116440183086
0.00002632739137542472
0.00002677361834724223
0.00002543493743001335
0.00002588116440271904
0.00003257456898886346
0.00002811229926535930
0.00003302079596156915
0.00003168211504434026
0.00002588116440183086
0.00002632739137453655
0.00003212834201704595
0.00003971420054860175
0.00002543493743001335
0.00002766607229176543
0.00003034343412711138
0.00003168211504434026
0.00003302079596156915
0.00002543493743001335
0.00002543493743001335
0.00002945098018170000
0.00007228876953835339
0.00003034343412711138
0.00003078966109892889
0.00002811229926447112
0.00002588116440271904
0.00003078966109892889
0.00003123588807163458
0.00002632739137542472
0.00002721984531994792
0.00003346702293427484
0.00002632739137542472
0.00002632739137453655
0.00003346702293427484
0.00002855852623806499
0.00003123588807252276
0.00003302079596156915
0.00002900475320988249
0.00002632739137542472
0.00002677361834724223
0.00003302079596245733
0.00002632739137453655
0.00002632739137453655
0.00003212834201704595
0.00002454248348549015
0.00002543493743090153
0.00002900475320899432
0.00002632739137453655
0.00002588116440271904
0.00002543493742912517
0.00002811229926535930
0.00002766607229176543
0.00002632739137453655
0.00003168211504522844
0.00002900475320899432
0.00002811229926535930
0.00002543493742912517
0.00002766607229176543
0.00003302079596245733
0.00003391324990786870
0.00002632739137453655
0.00002989720715440569
0.00002588116440094268
0.00002632739137453655
0.00002855852623717681
0.00002811229926535930
0.00002543493743090153
0.00003123588807163458
0.00002588116440271904
0.00002632739137453655
0.00002632739137631290
0.00002989720715440569
0.00002632739137453655
0.00002498871045730766
0.00003346702293427484
0.00002632739137453655
0.00002543493743090153
0.00003034343412799956
0.00003212834201704595
0.00002811229926358294
0.00002677361834813041
0.00002588116440271904
0.00002632739137453655
0.00002588116440271904
0.00003302079596068097
0.00002677361834813041
0.00002632739137453655
0.00002855852623717681
0.00002632739137453655
0.00002454248348549015
0.00003034343412799956
0.00002945098018258818
0.00002454248348549015
0.00002365002954185513
0.00003123588807163458
0.00002588116440271904
0.00002454248348549015
0.00003123588807163458
0.00003257456899063982
0.00002900475321077067
0.00002989720715440569
0.00003346702293427484
0.00002588116440271904
0.00003212834201704595
0.00002543493743090153
0.00003123588807341093
0.00002588116440271904
0.00003078966109981707
0.00002454248348549015
0.00002632739137453655
0.00003257456898886346
0.00002454248348549015
0.00002632739137453655
0.00002989720715440569
0.00002721984531994792
0.00002543493742912517
0.00002543493743090153
0.00002632739137453655
0.00002543493742912517
0.00002989720715440569
0.00002721984531994792
0.00002454248348549015
0.00002588116440271904
0.00002811229926358294
0.00002588116440271904
0.00002855852623717681
0.00002365002954007878
0.00003123588807163458
0.00002588116440271904
0.00003034343412622320
0.00003257456898886346
0.00003257456898886346
0.00002900475321077067
0.00003123588807341093
0.00002498871045730766
0.00002498871045730766
0.00002855852623717681
0.00002855852623717681
0.00002454248348549015
0.00002766607229176543
0.00003212834201704595
0.00003168211504345209
0.00002498871045730766
0.00002498871045730766
0.00003257456899063982
0.00002632739137453655
0.00002588116440449539
0.00003212834201704595
0.00002632739137453655
0.00002721984532172428
0.00002588116440094268
0.00003168211504700480
0.00002588116440094268
0.00002766607229176543
0.00002632739137453655
0.00003257456898708710
0.00002766607229176543
0.00002320380256648491
0.00003391324990786870
0.00003168211504700480
0.00002588116440449539
0.00002454248348371380
0.00003168211504345209
0.00002632739137453655
0.00002677361834813041
0.00002454248348371380
0.00002543493743090153
0.00002588116440094268
0.00003168211504345209
0.00002409625651367264
0.00002588116440449539
0.00003123588806985822
0.00002855852623895316
0.00002721984531817156
0.00002721984531817156
0.00002945098017903547
0.00002588116440094268
0.00002677361834813041
0.00003302079596068097
0.00002588116440094268
0.00002543493743090153
0.00002498871045730766
0.00003034343412622320
0.00002588116440449539
0.00002721984532172428
0.00002811229926535930
0.00002900475321254703
0.00002454248348726651
0.00003257456899063982
0.00003346702293427484
0.00002677361834813041
0.00002409625651011993
0.00003346702293427484
0.00002677361834457770
0.00002588116440449539
0.00002454248348726651
0.00002766607229176543
0.00002766607229176543
0.00002721984532172428
0.00003123588807341093
0.00002588116440449539
0.00002721984531817156
0.00003078966109981707
0.00002588116440449539
0.00002721984531817156
0.00002543493742734881
0.00002454248348371380
0.00002588116440094268
0.00002632739137453655
0.00002543493743090153
0.00002454248348371380
0.00002989720715262933
0.00002543493742734881
0.00002811229926535930
0.00003168211504700480
0.00002989720715618205
0.00002454248348726651
0.00002543493743090153
0.00003123588807341093
0.00002588116440449539
0.00002588116440094268
0.00003212834201704595
0.00002543493742734881
0.00002632739137453655
0.00003078966109981707
0.00003212834201704595
0.00002543493743090153
0.00002498871045730766
0.00003168211504345209
0.00002543493743090153
0.00002855852623895316
0.00003123588806985822
0.00002677361834457770
0.00002588116440094268
0.00002766607229176543
0.00002632739137453655
0.00002543493742734881
0.00003034343412977591
0.00002588116440094268
0.00003257456898708710
0.00002588116440094268
0.00003034343412622320
0.00002543493743090153
0.00002632739137453655
0.00002677361834813041
0.00002454248348726651
0.00002365002954007878
0.00002721984532172428
0.00002454248348371380
0.00003257456899063982
0.00002766607229176543
0.00002588116440094268
0.00003168211504345209
0.00002543493743090153
0.00002588116440449539
0.00003212834201704595
0.00003212834201704595
0.00002632739137453655
0.00003212834201704595
0.00003078966109981707
0.00002588116440449539
0.00002498871045730766
0.00002543493743090153
0.00002677361834813041
0.00002677361834813041
0.00002498871046086037
0.00003123588807341093
0.00002588116440449539
0.00002543493743090153
0.00002766607229176543
0.00002543493743090153
0.00002588116440449539
0.00003034343412622320
0.00002498871045730766
0.00002588116440449539
0.00002588116440094268
0.00002498871045730766
0.00002543493743090153
0.00002588116440449539
0.00002766607229176543
0.00003034343412622320
0.00002543493743090153
0.00002543493743090153
0.00003168211504700480
0.00002588116440094268
0.00003168211504345209
0.00003078966109981707
0.00002543493743090153
0.00002498871045730766
0.00002900475320899432
0.00002588116440094268
0.00002543493743090153
0.00003078966109981707
0.00003123588806985822
0.00002588116440449539
0.00003078966109981707
0.00003302079596068097
0.00002498871046086037
0.00002989720715618205
0.00003302079596423368
0.00002543493743090153
0.00002900475320899432
0.00003168211504345209
0.00002588116440449539
0.00002498871045730766
0.00002855852623540045
0.00002543493743090153
0.00002543493743090153
0.00002811229926535930
0.00003346702293427484
0.00002588116440449539
0.00002588116440449539
0.00003123588807341093
0.00002588116440094268
0.00002588116440094268
0.00003168211504700480
0.00002855852623895316
0.00002677361834813041
0.00002677361834813041
0.00003212834201704595
0.00002543493742734881
0.00002588116440094268
