0.00000981699341195963
0.00001160190129212424
0.00000981699338353792
0.00000981699338353792
0.00001204812826927082
0.00000937076643481305
0.00001294058219514227
0.00001026322036068450
0.00001204812826927082
0.00000981699341195963
0.00000847831248051989
0.00000803208550337331
0.00001026322036068450
0.00001070944733783108
0.00001160190126370253
0.00000981699338353792
0.00000892453945766647
0.00000937076640639134
0.00000937076640639134
0.00000892453945766647
0.00001294058219514227
0.00000847831248051989
0.00000847831245209818
0.00000981699338353792
0.00000803208550337331
0.00001160190129212424
0.00001294058219514227
0.00000937076640639134
0.00000937076643481305
0.00001070944733783108
0.00000937076643481305
0.00001026322036068450
0.00001294058219514227
0.00001026322036068450
0.00001472549007530688
0.00000847831248051989
0.00000892453942924476
0.00001070944733783108
0.00000937076640639134
0.00000937076643481305
0.00001249435524641740
0.00000847831248051989
0.00001204812824084911
0.00001204812824084911
0.00001026322036068450
0.00001249435521799569
0.00000803208550337331
0.00000847831248051989
0.00000937076643481305
0.00001204812826927082
0.00000981699338353792
0.00000981699341195963
0.00001026322036068450
0.00001026322036068450
0.00001070944733783108
0.00000937076640639134
0.00000937076640639134
0.00000892453945766647
0.00000981699338353792
0.00000937076643481305
0.00000847831245209818
0.00001115567428655595
0.00001383303612101372
0.00001070944733783108
0.00000803208550337331
0.00001383303614943543
0.00000803208550337331
0.00000803208550337331
0.00000937076640639134
0.00001070944733783108
0.00001070944733783108
0.00001204812824084911
0.00000847831248051989
0.00001026322036068450
0.00000803208550337331
0.00001026322036068450
0.00000937076643481305
0.00000892453945766647
0.00000981699341195963
0.00000847831248051989
0.00000847831248051989
0.00000937076643481305
0.00000981699338353792
0.00001204812826927082
0.00000847831248051989
0.00000937076640639134
0.00000937076643481305
0.00000937076643481305
0.00000803208550337331
0.00000847831248051989
0.00001204812824084911
0.00001070944733783108
0.00000981699338353792
0.00001026322038910621
0.00000937076643481305
0.00000937076640639134
0.00000937076643481305
0.00000847831248051989
0.00000937076643481305
0.00000981699341195963
0.00000847831248051989
0.00001160190129212424
0.00000981699338353792
0.00000981699338353792
0.00000937076643481305
0.00001070944733783108
0.00000981699338353792
0.00000847831248051989
0.00000937076640639134
0.00000981699341195963
0.00001204812826927082
0.00000981699341195963
0.00000937076643481305
0.00000981699338353792
0.00001249435524641740
0.00001026322036068450
0.00001115567431497766
0.00000847831248051989
0.00000892453942924476
0.00000892453945766647
0.00000937076640639134
0.00000847831248051989
0.00000981699341195963
0.00001026322036068450
0.00001026322036068450
0.00000981699338353792
0.00001070944733783108
0.00000847831248051989
0.00000847831248051989
0.00000803208550337331
0.00001026322036068450
0.00000892453945766647
0.00000803208550337331
0.00000847831248051989
0.00001026322038910621
0.00000937076643481305
0.00000847831248051989
0.00000937076643481305
0.00000847831248051989
0.00000847831248051989
0.00000847831248051989
0.00000937076643481305
0.00000847831248051989
0.00001070944733783108
0.00000937076640639134
0.00001204812824084911
0.00000981699338353792
0.00000937076640639134
0.00000981699341195963
0.00000892453942924476
0.00000847831248051989
0.00001249435521799569
0.00001160190126370253
0.00000937076643481305
0.00000892453942924476
0.00001026322036068450
0.00000892453945766647
0.00000937076640639134
0.00001026322036068450
0.00000981699338353792
0.00001294058219514227
0.00000892453945766647
0.00001026322036068450
0.00000892453945766647
0.00000981699338353792
0.00000981699341195963
0.00000937076640639134
0.00000937076640639134
0.00000937076640639134
0.00000847831248051989
0.00000981699338353792
0.00000981699338353792
0.00000892453942924476
0.00000803208550337331
0.00000981699341195963
0.00001160190129212424
0.00001204812826927082
0.00001338680917228885
0.00001249435521799569
0.00000981699338353792
0.00000847831245209818
0.00000892453945766647
0.00000981699338353792
0.00000892453945766647
0.00000937076643481305
0.00001294058219514227
0.00000847831245209818
0.00000937076643481305
0.00000847831248051989
0.00000937076643481305
0.00001294058219514227
0.00000847831248051989
0.00001026322036068450
0.00000937076640639134
0.00000937076643481305
0.00000981699338353792
0.00001383303614943543
0.00000981699338353792
0.00000847831248051989
0.00001472549007530688
0.00000847831245209818
0.00000847831245209818
0.00000981699338353792
0.00000847831248051989
0.00000981699341195963
0.00000937076640639134
0.00001115567431497766
0.00000847831248051989
0.00000937076643481305
0.00001026322036068450
0.00000892453945766647
0.00001294058219514227
0.00000892453945766647
0.00000847831248051989
0.00001026322036068450
0.00000937076643481305
0.00000981699338353792
0.00000981699338353792
0.00000981699338353792
0.00001204812826927082
0.00000803208550337331
0.00000937076640639134
0.00000892453945766647
0.00001249435524641740
0.00000981699338353792
0.00000981699338353792
0.00001026322038910621
0.00001160190129212424
0.00001070944733783108
0.00001026322038910621
0.00001383303614943543
0.00001249435521799569
0.00001383303614943543
0.00000981699338353792
0.00000981699338353792
0.00000981699341195963
0.00001026322036068450
0.00000803208550337331
0.00000937076640639134
0.00000803208550337331
0.00007184254255321321
0.00000803208550337331
0.00001204812824084911
0.00000892453945766647
0.00000937076640639134
0.00000847831248051989
0.00000892453945766647
0.00000847831248051989
0.00000847831248051989
0.00000892453945766647
0.00001070944733783108
0.00000892453945766647
0.00000981699338353792
0.00000937076643481305
0.00000847831248051989
0.00000937076640639134
0.00000847831248051989
0.00000981699341195963
0.00000981699341195963
0.00000981699338353792
0.00000847831248051989
0.00000758585852622673
0.00000847831248051989
0.00000803208550337331
0.00000937076640639134
0.00001026322038910621
0.00001026322036068450
0.00001472549010372859
0.00001160190129212424
0.00000847831248051989
0.00000937076640639134
0.00001026322036068450
0.00001070944733783108
0.00000847831248051989
0.00000937076643481305
0.00000937076643481305
0.00000981699341195963
0.00001026322036068450
0.00000981699338353792
0.00000847831248051989
0.00001115567431497766
0.00000937076640639134
0.00000847831248051989
0.00000981699338353792
0.00001026322036068450
0.00001115567431497766
0.00000892453942924476
0.00000847831248051989
0.00001026322036068450
0.00000892453942924476
0.00000847831245209818
0.00000937076643481305
0.00000981699341195963
0.00000981699338353792
0.00000892453945766647
0.00000847831248051989
0.00000892453942924476
0.00000937076643481305
0.00001026322036068450
0.00000981699338353792
0.00001070944733783108
0.00000847831248051989
0.00000847831248051989
0.00000847831248051989
0.00001472549010372859
0.00000847831248051989
0.00000981699338353792
0.00000981699338353792
0.00000937076640639134
0.00001517171705245346
0.00001160190129212424
0.00001160190126370253
0.00000981699341195963
0.00001204812824084911
0.00001070944733783108
0.00000847831248051989
0.00000937076640639134
0.00001026322036068450
0.00000981699338353792
0.00000937076640639134
0.00000981699341195963
0.00000892453945766647
0.00000937076643481305
0.00000847831248051989
0.00000981699338353792
0.00000981699338353792
0.00000892453945766647
0.00000981699341195963
0.00000981699341195963
0.00000981699338353792
0.00000981699338353792
0.00000937076643481305
0.00000847831248051989
0.00000981699338353792
0.00000981699338353792
0.00000847831248051989
0.00001070944733783108
0.00000981699341195963
0.00001026322036068450
0.00001026322036068450
0.00000803208550337331
0.00000981699341195963
0.00000937076643481305
0.00001204812824084911
0.00000981699338353792
0.00000937076640639134
0.00000847831248051989
0.00000847831248051989
0.00000981699341195963
0.00000981699338353792
0.00000981699341195963
0.00000937076643481305
0.00000892453945766647
0.00001204812824084911
0.00000937076643481305
0.00000981699338353792
0.00001204812824084911
0.00000981699338353792
0.00001026322036068450
0.00000937076640639134
0.00000937076643481305
0.00000981699338353792
0.00000981699338353792
0.00000937076643481305
0.00000847831245209818
0.00000937076643481305
0.00001115567431497766
0.00000803208550337331
0.00001427926312658201
0.00000937076643481305
0.00000937076643481305
0.00001026322036068450
0.00000981699338353792
