0.00001070944733783108
0.00001026322036068450
0.00001070944733783108
0.00000937076642060219
0.00000892453945766647
0.00001115567431497766
0.00000937076642060219
0.00001294058220935312
0.00000981699338353792
0.00000981699339774877
0.00001026322037489535
0.00000847831246630903
0.00000981699339774877
0.00001026322036068450
0.00000937076642060219
0.00001204812825505996
0.00000937076642060219
0.00000937076642060219
0.00000847831248051989
0.00000847831248051989
0.00000937076642060219
0.00001070944733783108
0.00000937076642060219
0.00000937076642060219
0.00000981699338353792
0.00001070944733783108
0.00001026322037489535
0.00001026322036068450
0.00000981699339774877
0.00000803208550337331
0.00001026322036068450
0.00000892453945766647
0.00000981699338353792
0.00001160190127791338
0.00000937076642060219
0.00000981699338353792
0.00000981699339774877
0.00001026322036068450
0.00001026322037489535
0.00000981699339774877
0.00000937076642060219
0.00000847831248051989
0.00001026322036068450
0.00000937076642060219
0.00000937076642060219
0.00000937076642060219
0.00000937076642060219
0.00001026322037489535
0.00000892453944345561
0.00001026322036068450
0.00001026322036068450
0.00000981699339774877
0.00000937076642060219
0.00000981699339774877
0.00000937076642060219
0.00000937076642060219
0.00000937076642060219
0.00000937076642060219
0.00000981699339774877
0.00000937076642060219
0.00000937076642060219
0.00000981699338353792
0.00000937076642060219
0.00000937076642060219
0.00001249435523220654
0.00000937076642060219
0.00001249435523220654
0.00000937076642060219
0.00000803208550337331
0.00000937076642060219
0.00001160190127791338
0.00001026322036068450
0.00000981699339774877
0.00000981699339774877
0.00000847831248051989
0.00000937076642060219
0.00000847831248051989
0.00000937076642060219
0.00001026322036068450
0.00000981699338353792
0.00000892453945766647
0.00000937076642060219
0.00000937076642060219
0.00000892453944345561
0.00000981699339774877
0.00000892453944345561
0.00000937076642060219
0.00000847831248051989
0.00000981699339774877
0.00000937076642060219
0.00000981699339774877
0.00000937076642060219
0.00000981699339774877
0.00001070944733783108
0.00001026322036068450
0.00000981699339774877
0.00000937076642060219
0.00000937076642060219
0.00000847831248051989
0.00000981699339774877
0.00000981699339774877
0.00000981699339774877
0.00000937076642060219
0.00000937076642060219
0.00000803208550337331
0.00000981699339774877
0.00000937076642060219
0.00000981699338353792
0.00000981699338353792
0.00000937076642060219
0.00001026322037489535
0.00000803208550337331
0.00000981699338353792
0.00001026322037489535
0.00000892453945766647
0.00000892453944345561
0.00000981699339774877
0.00001160190129212424
0.00000937076642060219
0.00001026322036068450
0.00000981699339774877
0.00001294058220935312
0.00000981699339774877
0.00000981699339774877
0.00000937076642060219
0.00000981699339774877
0.00000937076642060219
0.00000892453944345561
0.00001115567430076680
0.00000981699339774877
0.00001472549008951773
0.00000937076642060219
0.00000937076642060219
0.00000847831248051989
0.00000847831248051989
0.00000892453944345561
0.00000892453945766647
0.00000981699338353792
0.00001026322036068450
0.00001026322036068450
0.00000981699339774877
0.00001026322037489535
0.00000937076642060219
0.00000937076642060219
0.00000892453945766647
0.00000937076642060219
0.00000892453945766647
0.00000847831248051989
0.00000847831248051989
0.00000981699338353792
0.00001070944733783108
0.00001026322037489535
0.00000981699338353792
0.00000892453945766647
0.00000847831248051989
0.00000981699338353792
0.00000937076642060219
0.00000981699339774877
0.00000937076642060219
0.00000892453945766647
0.00000847831246630903
0.00001026322036068450
0.00000981699339774877
0.00000937076642060219
0.00000981699339774877
0.00000892453945766647
0.00000847831248051989
0.00001026322037489535
0.00000981699338353792
0.00000937076642060219
0.00001204812825505996
0.00000937076642060219
0.00000937076642060219
0.00000981699339774877
0.00000937076642060219
0.00000937076642060219
0.00001070944733783108
0.00000847831248051989
0.00001918775981835097
0.00001427926311237115
0.00000803208550337331
0.00000981699338353792
0.00000892453945766647
0.00000937076642060219
0.00000937076642060219
0.00000937076642060219
0.00000981699339774877
0.00000981699339774877
0.00000981699338353792
0.00000937076642060219
0.00000892453944345561
0.00000937076642060219
0.00001026322036068450
0.00000981699339774877
0.00001026322036068450
0.00000937076642060219
0.00000981699339774877
0.00000981699339774877
0.00000892453945766647
0.00001070944733783108
0.00000937076642060219
0.00001160190129212424
0.00000981699339774877
0.00000937076642060219
0.00000937076642060219
0.00001204812826927082
0.00000803208551758416
0.00000937076642060219
0.00000803208550337331
0.00000937076642060219
0.00000937076642060219
0.00000981699339774877
0.00000892453945766647
0.00000981699338353792
0.00000937076642060219
0.00001026322036068450
0.00000937076642060219
0.00000981699339774877
0.00000981699338353792
0.00000892453945766647
0.00000981699338353792
0.00000847831248051989
0.00000803208550337331
0.00000892453944345561
0.00000937076642060219
0.00000937076642060219
0.00001026322036068450
0.00000937076642060219
0.00001026322036068450
0.00000937076642060219
0.00001026322036068450
0.00000937076642060219
0.00000981699339774877
0.00000892453944345561
0.00000981699339774877
0.00000981699339774877
0.00000937076642060219
0.00000937076642060219
0.00000937076642060219
0.00001026322037489535
0.00000981699339774877
0.00000937076643481305
0.00000981699338353792
0.00000981699338353792
0.00000892453945766647
0.00000981699338353792
0.00000981699339774877
0.00000937076642060219
0.00000803208551758416
0.00000892453945766647
0.00001026322037489535
0.00000981699339774877
0.00001026322036068450
0.00000981699339774877
0.00000981699339774877
0.00000981699339774877
0.00000981699338353792
0.00000937076642060219
0.00000847831248051989
0.00000981699339774877
0.00000937076642060219
0.00000758585852622673
0.00000937076642060219
0.00000892453945766647
0.00000892453944345561
0.00000892453944345561
0.00001115567431497766
0.00000803208550337331
0.00000937076642060219
0.00000981699339774877
0.00000892453944345561
0.00000937076642060219
0.00001026322036068450
0.00001026322037489535
0.00000803208550337331
0.00001026322036068450
0.00000937076643481305
0.00000803208550337331
0.00001026322037489535
0.00000937076642060219
0.00001026322037489535
0.00000937076642060219
0.00000937076642060219
0.00000847831246630903
0.00001294058220935312
0.00000937076642060219
0.00001160190129212424
0.00000847831248051989
0.00000981699339774877
0.00000937076642060219
0.00000937076642060219
0.00000981699339774877
0.00000981699339774877
0.00001026322036068450
0.00000937076642060219
0.00000937076642060219
0.00000981699339774877
0.00000937076642060219
0.00000981699339774877
0.00000892453945766647
0.00000937076642060219
0.00000937076642060219
0.00000937076642060219
0.00000937076642060219
0.00000937076642060219
0.00000937076642060219
0.00001026322036068450
0.00000981699338353792
0.00001249435521799569
0.00000937076642060219
0.00001026322036068450
0.00000892453945766647
0.00001026322036068450
0.00000981699338353792
0.00000937076642060219
0.00000892453945766647
0.00001160190127791338
0.00000981699339774877
0.00000981699339774877
0.00000892453944345561
0.00001026322036068450
0.00000803208550337331
0.00000937076642060219
0.00000981699339774877
0.00000937076642060219
0.00000892453944345561
0.00000892453944345561
0.00000981699339774877
0.00000803208550337331
0.00000937076642060219
0.00000892453944345561
0.00000981699339774877
0.00001026322036068450
0.00001026322036068450
0.00000937076642060219
0.00000937076642060219
0.00000981699339774877
0.00000981699338353792
0.00000847831248051989
0.00000892453945766647
0.00000847831246630903
0.00001427926312658201
0.00000803208550337331
0.00001026322037489535
0.00001026322036068450
0.00001026322036068450
0.00001026322037489535
0.00000981699339774877
0.00000937076642060219
0.00000981699339774877
0.00000937076642060219
0.00000981699339774877
0.00000937076642060219
0.00001070944733783108
0.00000892453944345561
0.00000981699339774877
0.00001651039798389320
0.00000892453944345561
0.00000981699338353792
0.00000981699339774877
0.00000981699338353792
0.00000937076643481305
0.00000937076642060219
0.00000937076642060219
0.00000981699338353792
0.00001160190127791338
0.00001026322036068450
0.00000937076643481305
0.00000803208551758416
0.00000937076642060219
0.00001026322036068450
0.00000937076642060219
0.00000847831246630903
