0.00000624717768005212
0.00000669340454351186
0.00000937076640639134
0.00000669340454351186
0.00000669340465719870
0.00000803208547495160
0.00000713963152065844
0.00000713963152065844
0.00000669340465719870
0.00000624717756636528
0.00000937076640639134
0.00000803208558863844
0.00000803208547495160
0.00000713963152065844
0.00000669340465719870
0.00001160190129212424
0.00001026322036068450
0.00000624717756636528
0.00000803208547495160
0.00000758585861149186
0.00001070944733783108
0.00000624717756636528
0.00000669340465719870
0.00000624717768005212
0.00000937076640639134
0.00000669340465719870
0.00000669340465719870
0.00000669340454351186
0.00000758585861149186
0.00000713963152065844
0.00000981699338353792
0.00000669340454351186
0.00000758585849780502
0.00000758585849780502
0.00000669340465719870
0.00000758585861149186
0.00000758585849780502
0.00001026322036068450
0.00000624717756636528
0.00000624717756636528
0.00000758585849780502
0.00001026322036068450
0.00000624717756636528
0.00000669340465719870
0.00001115567431497766
0.00001070944733783108
0.00001294058210987714
0.00000580095058921870
0.00000758585849780502
0.00000758585849780502
0.00000981699338353792
0.00001204812826927082
0.00000669340465719870
0.00001070944733783108
0.00000624717768005212
0.00000624717768005212
0.00000892453942924476
0.00000758585849780502
0.00000624717756636528
0.00000580095070290554
0.00000892453942924476
0.00000624717756636528
0.00000624717756636528
0.00000713963163434528
0.00000758585849780502
0.00001249435524641740
0.00000713963152065844
0.00000624717768005212
0.00000803208547495160
0.00001026322036068450
0.00001070944733783108
0.00000624717768005212
0.00000669340454351186
0.00000713963152065844
0.00000624717768005212
0.00000624717768005212
0.00000624717768005212
0.00001204812826927082
0.00000624717756636528
0.00000624717756636528
0.00000803208558863844
0.00000758585849780502
0.00000624717756636528
0.00000758585849780502
0.00001026322036068450
0.00001472549001846346
0.00000669340454351186
0.00000892453954293160
0.00000580095058921870
0.00000624717756636528
0.00001204812826927082
0.00000624717756636528
0.00001204812815558398
0.00000624717768005212
0.00000803208547495160
0.00001026322036068450
0.00000981699338353792
0.00000580095058921870
0.00000713963152065844
0.00000803208558863844
0.00000803208547495160
0.00000624717756636528
0.00000624717756636528
0.00000758585861149186
0.00001026322036068450
0.00000624717756636528
0.00000847831245209818
0.00000758585861149186
0.00000669340465719870
0.00001026322036068450
0.00000713963163434528
0.00001026322036068450
0.00000624717756636528
0.00000624717756636528
0.00000713963163434528
0.00000892453942924476
0.00001160190129212424
0.00000624717756636528
0.00000758585861149186
0.00000713963163434528
0.00000624717768005212
0.00000758585849780502
0.00001070944733783108
0.00000803208558863844
0.00001204812826927082
0.00000669340465719870
0.00000758585849780502
0.00000624717768005212
0.00000981699338353792
0.00000847831245209818
0.00001070944733783108
0.00000758585849780502
0.00000803208547495160
0.00000624717756636528
0.00000580095070290554
0.00001070944733783108
0.00000624717756636528
0.00000758585849780502
0.00001204812826927082
0.00001026322036068450
0.00001115567431497766
0.00001115567431497766
0.00000981699338353792
0.00000669340454351186
0.00000624717756636528
0.00000758585849780502
0.00000624717756636528
0.00000981699338353792
0.00000713963163434528
0.00000758585849780502
0.00000981699338353792
0.00000758585849780502
0.00000669340465719870
0.00000624717768005212
0.00001204812826927082
0.00001160190129212424
0.00001070944733783108
0.00001070944733783108
0.00000758585849780502
0.00000758585849780502
0.00000624717756636528
0.00000758585849780502
0.00001070944733783108
0.00000580095070290554
0.00000624717756636528
0.00000892453942924476
0.00000669340454351186
0.00001160190129212424
0.00001026322036068450
0.00000803208547495160
0.00000624717756636528
0.00000758585849780502
0.00000981699338353792
0.00000624717756636528
0.00000580095070290554
0.00000937076652007818
0.00000624717768005212
0.00000624717756636528
0.00001249435524641740
0.00000624717756636528
0.00000758585849780502
0.00000580095058921870
0.00000981699338353792
0.00001026322036068450
0.00000669340465719870
0.00001026322036068450
0.00000847831245209818
0.00000981699338353792
0.00001026322036068450
0.00001115567420129082
0.00001026322036068450
0.00000624717756636528
0.00000758585849780502
0.00000758585849780502
0.00000624717756636528
0.00001070944733783108
0.00000758585849780502
0.00000758585849780502
0.00000580095058921870
0.00000580095070290554
0.00000669340465719870
0.00000803208547495160
0.00000580095070290554
0.00000803208547495160
0.00000713963163434528
0.00000669340454351186
0.00000580095070290554
0.00000713963152065844
0.00000758585849780502
0.00000624717768005212
0.00000669340465719870
0.00000803208558863844
0.00000713963152065844
0.00000624717768005212
0.00000713963163434528
0.00001070944733783108
0.00000758585861149186
0.00000669340454351186
0.00000937076640639134
0.00000669340465719870
0.00000624717756636528
0.00000758585849780502
0.00000713963152065844
0.00001026322036068450
0.00000713963152065844
0.00001026322036068450
0.00000981699338353792
0.00000624717756636528
0.00001115567431497766
0.00000669340454351186
0.00000669340465719870
0.00000624717756636528
0.00000713963152065844
0.00000624717756636528
0.00000624717756636528
0.00000937076640639134
0.00000624717756636528
0.00000624717756636528
0.00000713963152065844
0.00000713963152065844
0.00000624717768005212
0.00000803208547495160
0.00001026322036068450
0.00000580095070290554
0.00000669340454351186
0.00000758585849780502
0.00000624717768005212
0.00000624717768005212
0.00000713963152065844
0.00001026322036068450
0.00000669340454351186
0.00000669340454351186
0.00001070944733783108
0.00000758585861149186
0.00000669340454351186
0.00001026322036068450
0.00000624717756636528
0.00000580095070290554
0.00000624717756636528
0.00000892453942924476
0.00001026322036068450
0.00000535472361207212
0.00000624717756636528
0.00000981699338353792
0.00000624717756636528
0.00000624717768005212
0.00001070944745151792
0.00000624717756636528
0.00000624717756636528
0.00000624717756636528
0.00000892453942924476
0.00000624717756636528
0.00000624717756636528
0.00000624717756636528
0.00000580095058921870
0.00001160190129212424
0.00000624717768005212
0.00001204812826927082
0.00000981699338353792
0.00001115567431497766
0.00000624717756636528
0.00001115567431497766
0.00000624717768005212
0.00000758585849780502
0.00001070944733783108
0.00000624717756636528
0.00000624717768005212
0.00000803208547495160
0.00000847831245209818
0.00000624717768005212
0.00000937076640639134
0.00000892453942924476
0.00000580095058921870
0.00000624717756636528
0.00000624717756636528
0.00001204812826927082
0.00000624717756636528
0.00001294058222356398
0.00000580095070290554
0.00000624717756636528
0.00001115567431497766
0.00000669340465719870
0.00000624717768005212
0.00000713963163434528
0.00000892453942924476
0.00000624717756636528
0.00001204812826927082
0.00000981699338353792
0.00001026322036068450
0.00000624717756636528
0.00000624717756636528
0.00000981699338353792
0.00000624717768005212
0.00000669340465719870
0.00000758585861149186
0.00000669340454351186
0.00000624717768005212
0.00000758585861149186
0.00000847831245209818
0.00000580095058921870
0.00000758585849780502
0.00001204812815558398
0.00000669340465719870
0.00000624717756636528
0.00000981699349722476
0.00001249435513273056
0.00000580095058921870
0.00000713963163434528
0.00001070944733783108
0.00000624717768005212
0.00000580095058921870
0.00000713963152065844
0.00000892453942924476
0.00000669340454351186
0.00000803208547495160
0.00000892453942924476
0.00000892453942924476
0.00000892453942924476
0.00000624717756636528
0.00000624717756636528
0.00000624717756636528
0.00000624717768005212
0.00000624717768005212
0.00000624717768005212
0.00001160190129212424
0.00000713963152065844
0.00001026322036068450
0.00000624717756636528
0.00000803208547495160
0.00000803208547495160
0.00001204812826927082
0.00000624717756636528
0.00000713963152065844
0.00000758585849780502
0.00000624717756636528
0.00000624717756636528
0.00001160190129212424
0.00000758585849780502
0.00000624717768005212
0.00000624717756636528
0.00000624717756636528
0.00001115567431497766
0.00000713963152065844
0.00000624717768005212
0.00000803208547495160
0.00001115567431497766
0.00000669340454351186
0.00000624717768005212
0.00000624717768005212
0.00000713963152065844
0.00001160190129212424
0.00000624717756636528
0.00000624717756636528
