0.00000624717759478699
0.00000847831248051989
0.00000758585852622673
0.00000624717762320870
0.00000624717762320870
0.00000669340460035528
0.00000981699338353792
0.00000713963157750186
0.00000981699338353792
0.00000937076643481305
0.00000580095064606212
0.00000624717762320870
0.00000803208553179502
0.00000892453945766647
0.00000624717762320870
0.00000758585852622673
0.00000847831248051989
0.00000758585855464844
0.00000803208550337331
0.00000669340460035528
0.00001204812824084911
0.00000624717762320870
0.00000624717762320870
0.00000624717759478699
0.00000624717762320870
0.00000892453945766647
0.00000624717762320870
0.00000669340460035528
0.00000669340460035528
0.00000624717762320870
0.00001160190126370253
0.00001070944733783108
0.00000669340457193357
0.00001026322036068450
0.00000624717762320870
0.00000669340460035528
0.00000624717759478699
0.00000580095064606212
0.00000758585855464844
0.00000669340457193357
0.00000937076640639134
0.00000624717762320870
0.00001204812824084911
0.00001115567431497766
0.00000758585852622673
0.00000892453945766647
0.00000580095064606212
0.00000624717759478699
0.00000758585852622673
0.00000624717759478699
0.00000669340460035528
0.00000758585852622673
0.00000624717762320870
0.00001070944733783108
0.00000981699338353792
0.00000669340457193357
0.00000669340457193357
0.00000713963154908015
0.00000669340460035528
0.00000624717762320870
0.00000624717759478699
0.00000803208550337331
0.00001249435521799569
0.00000937076643481305
0.00000624717762320870
0.00000580095064606212
0.00000624717762320870
0.00000669340460035528
0.00000669340457193357
0.00000981699338353792
0.00000892453945766647
0.00000937076643481305
0.00000624717759478699
0.00000624717762320870
0.00000624717762320870
0.00000624717759478699
0.00000758585852622673
0.00000624717759478699
0.00000669340460035528
0.00000624717759478699
0.00000580095064606212
0.00000624717762320870
0.00000758585852622673
0.00000624717762320870
0.00000624717762320870
0.00000758585852622673
0.00001026322036068450
0.00000713963154908015
0.00000580095061764041
0.00000580095064606212
0.00000669340457193357
0.00000713963154908015
0.00001026322038910621
0.00000937076643481305
0.00000580095064606212
0.00000713963154908015
0.00000713963154908015
0.00000669340460035528
0.00000758585852622673
0.00000892453945766647
0.00000624717762320870
0.00000624717762320870
0.00000624717762320870
0.00001070944733783108
0.00000669340457193357
0.00000713963154908015
0.00000669340460035528
0.00000535472366891554
0.00000624717759478699
0.00000713963154908015
0.00000937076640639134
0.00000937076643481305
0.00000669340457193357
0.00000758585855464844
0.00000669340460035528
0.00000580095064606212
0.00000624717759478699
0.00000669340460035528
0.00000803208550337331
0.00000937076640639134
0.00000669340460035528
0.00000624717762320870
0.00000892453942924476
0.00000624717762320870
0.00000713963154908015
0.00000847831248051989
0.00000713963154908015
0.00000624717762320870
0.00000624717759478699
0.00000624717762320870
0.00000580095061764041
0.00000669340457193357
0.00000580095061764041
0.00000669340457193357
0.00000713963154908015
0.00000713963154908015
0.00000624717759478699
0.00000669340457193357
0.00000624717762320870
0.00000624717762320870
0.00000624717762320870
0.00000758585852622673
0.00000580095064606212
0.00000580095064606212
0.00000669340460035528
0.00000624717762320870
0.00000669340460035528
0.00000624717762320870
0.00000624717762320870
0.00000624717762320870
0.00000624717762320870
0.00000624717762320870
0.00001070944733783108
0.00000624717762320870
0.00000624717762320870
0.00000580095064606212
0.00000847831245209818
0.00000624717759478699
0.00000580095061764041
0.00000981699338353792
0.00000624717762320870
0.00000758585852622673
0.00000624717762320870
0.00000580095064606212
0.00000713963157750186
0.00000713963157750186
0.00000624717762320870
0.00000713963154908015
0.00000758585852622673
0.00000624717762320870
0.00000624717762320870
0.00000713963154908015
0.00000669340457193357
0.00000624717762320870
0.00000758585852622673
0.00000892453945766647
0.00000981699338353792
0.00001070944733783108
0.00001204812826927082
0.00000713963157750186
0.00000624717759478699
0.00000624717762320870
0.00000669340460035528
0.00000803208550337331
0.00000981699338353792
0.00000624717759478699
0.00000580095064606212
0.00000847831248051989
0.00000624717762320870
0.00000580095064606212
0.00000624717759478699
0.00000624717762320870
0.00000937076640639134
0.00000937076640639134
0.00000713963154908015
0.00000669340457193357
0.00000624717762320870
0.00001026322036068450
0.00000624717759478699
0.00000624717762320870
0.00000580095064606212
0.00000624717762320870
0.00000713963157750186
0.00000669340460035528
0.00000758585852622673
0.00000713963154908015
0.00001070944733783108
0.00000624717762320870
0.00000624717762320870
0.00000669340460035528
0.00000713963154908015
0.00000847831248051989
0.00000624717762320870
0.00000669340457193357
0.00000937076640639134
0.00001070944733783108
0.00000713963157750186
0.00000669340457193357
0.00000981699338353792
0.00000624717762320870
0.00000624717762320870
0.00000580095064606212
0.00000580095061764041
0.00000624717759478699
0.00001249435521799569
0.00000713963154908015
0.00000669340457193357
0.00000624717759478699
0.00000580095064606212
0.00000713963154908015
0.00000580095064606212
0.00000624717762320870
0.00000624717759478699
0.00000669340460035528
0.00000758585852622673
0.00000937076643481305
0.00000624717759478699
0.00000624717762320870
0.00000669340457193357
0.00000624717762320870
0.00000624717762320870
0.00000580095064606212
0.00000624717759478699
0.00000624717762320870
0.00000669340460035528
0.00000624717762320870
0.00001115567428655595
0.00000580095064606212
0.00000669340460035528
0.00000624717762320870
0.00001115567431497766
0.00000624717762320870
0.00000669340460035528
0.00000892453942924476
0.00000669340460035528
0.00000624717762320870
0.00000624717762320870
0.00000713963154908015
0.00000847831248051989
0.00000847831248051989
0.00000624717762320870
0.00000937076640639134
0.00000580095064606212
0.00000580095064606212
0.00000713963154908015
0.00000624717762320870
0.00001204812826927082
0.00000580095064606212
0.00001160190129212424
0.00000580095064606212
0.00000758585852622673
0.00000892453945766647
0.00000624717759478699
0.00000624717762320870
0.00000803208550337331
0.00001026322036068450
0.00001160190129212424
0.00000624717759478699
0.00000713963154908015
0.00000624717762320870
0.00000624717762320870
0.00000669340457193357
0.00000624717759478699
0.00000580095064606212
0.00004417647028276406
0.00000624717759478699
0.00000624717762320870
0.00000624717762320870
0.00000624717762320870
0.00000580095064606212
0.00000624717759478699
0.00000937076643481305
0.00000981699338353792
0.00000624717762320870
0.00000624717759478699
0.00000624717759478699
0.00000758585852622673
0.00000580095064606212
0.00001026322036068450
0.00000892453945766647
0.00000624717762320870
0.00000669340457193357
0.00000580095064606212
0.00000624717759478699
0.00001160190129212424
0.00000624717762320870
0.00000713963154908015
0.00000713963157750186
0.00000669340457193357
0.00000892453945766647
0.00000981699338353792
0.00001026322036068450
0.00001115567428655595
0.00000624717762320870
0.00000669340460035528
0.00000580095064606212
0.00000624717762320870
0.00000624717762320870
0.00000624717762320870
0.00000624717762320870
0.00000758585852622673
0.00000669340460035528
0.00000580095064606212
0.00000624717762320870
0.00000758585855464844
0.00000580095064606212
0.00000669340460035528
0.00000624717762320870
0.00000758585852622673
0.00000981699341195963
0.00000713963157750186
0.00000624717762320870
0.00000624717762320870
0.00000669340457193357
0.00001115567431497766
0.00000624717759478699
0.00000669340460035528
0.00000758585852622673
0.00000847831248051989
0.00000580095064606212
0.00000624717759478699
0.00001204812824084911
0.00000803208550337331
0.00000624717762320870
0.00000624717762320870
0.00000580095061764041
0.00000580095064606212
0.00000624717762320870
0.00000937076640639134
0.00000713963157750186
0.00000758585852622673
0.00000937076640639134
0.00000669340457193357
0.00000624717759478699
0.00000758585852622673
0.00000892453942924476
0.00001160190129212424
0.00000669340460035528
0.00000981699338353792
0.00000624717759478699
0.00000892453945766647
0.00000669340457193357
0.00000713963157750186
0.00000624717762320870
0.00000624717759478699
0.00000758585852622673
0.00000580095064606212
0.00000669340457193357
0.00000624717762320870
0.00000624717762320870
0.00000624717762320870
0.00000669340460035528
0.00000713963157750186
