0.00002588116440251087
0.00001160190128388083
0.00000803208550423373
0.00001026322036651317
0.00000937076642160140
0.00000937076642160140
0.00000981699339408504
0.00001026322036645766
0.00000937076642160140
0.00000892453944911775
0.00001026322036656868
0.00000981699339408504
0.00000981699339397402
0.00000981699339419606
0.00000937076642171242
0.00001026322036645766
0.00000892453944900673
0.00000981699339397402
0.00001026322036645766
0.00000847831247674513
0.00000981699339397402
0.00000803208550426149
0.00000981699339397402
0.00000981699339419606
0.00000937076642149037
0.00000803208550426149
0.00000981699339375197
0.00000937076642149037
0.00001160190128368654
0.00000892453944878469
0.00001160190128368654
0.00001026322036645766
0.00001070944733916335
0.00000981699339419606
0.00000981699339419606
0.00001249435522909792
0.00000981699339419606
0.00000981699339375197
0.00000981699339419606
0.00001204812825639223
0.00000892453944922877
0.00000981699339419606
0.00000937076642149037
0.00000892453944878469
0.00000937076642193446
0.00000981699339375197
0.00000981699339375197
0.00000847831247696718
0.00001026322036690175
0.00000981699339419606
0.00001204812825683632
0.00001026322036690175
0.00000981699339419606
0.00000892453944967286
0.00000981699339419606
0.00000981699339419606
0.00000847831247696718
0.00001026322036601357
0.00000847831247696718
0.00000892453944878469
0.00000937076642149037
0.00000981699339419606
0.00001204812825683632
0.00001472549009129409
0.00001070944733871926
0.00000981699339419606
0.00000847831247607900
0.00000803208550337331
0.00001026322036601357
0.00000981699339330788
0.00000981699339419606
0.00000981699339419606
0.00000847831247607900
0.00000892453944878469
0.00000937076642149037
0.00000981699339419606
0.00000937076642149037
0.00001026322036690175
0.00000981699339419606
0.00000937076642237855
0.00000937076642149037
0.00000981699339419606
0.00000981699339419606
0.00000937076642149037
0.00000847831247696718
0.00000981699339419606
0.00000937076642149037
0.00001160190128413063
0.00001026322036601357
0.00001026322036690175
0.00000981699339419606
0.00000847831247696718
0.00001026322036690175
0.00001026322036690175
0.00000937076642237855
0.00000981699339419606
0.00000981699339419606
0.00001026322036601357
0.00000892453944878469
0.00001070944733960744
0.00000892453945056104
0.00000937076642237855
0.00001026322036601357
0.00000981699339419606
0.00000937076642060219
0.00001115567431142495
0.00000937076642060219
0.00000981699339419606
0.00001160190128324246
0.00000847831247696718
0.00001338680917406521
0.00001026322036601357
0.00000981699339419606
0.00001026322036601357
0.00001026322036601357
0.00000892453944878469
0.00001026322036601357
0.00000981699339419606
0.00000937076642060219
0.00000981699339419606
0.00001070944733783108
0.00001070944733960744
0.00001026322036601357
0.00001026322036778993
0.00000981699339419606
0.00000803208550337331
0.00000937076642060219
0.00000981699339419606
0.00000937076642237855
0.00001026322036778993
0.00000981699339419606
0.00000981699339419606
0.00000981699339419606
0.00001026322036601357
0.00000981699339419606
0.00001204812825505996
0.00000892453944878469
0.00000937076642237855
0.00000981699339419606
0.00000937076642237855
0.00000981699339419606
0.00000892453945056104
0.00001026322036778993
0.00000981699339419606
0.00000937076642237855
0.00000847831247696718
0.00000981699339419606
0.00000937076642237855
0.00000847831247696718
0.00000803208550337331
0.00000981699339419606
0.00000847831247696718
0.00000803208550337331
0.00000981699339419606
0.00000981699339419606
0.00000981699339419606
0.00001294058220224770
0.00000937076642237855
0.00000847831247519082
0.00000981699339241970
0.00000981699339419606
0.00000937076642060219
0.00000981699339419606
0.00000937076642237855
0.00000981699339241970
0.00000981699339419606
0.00001026322036601357
0.00001115567431142495
0.00000937076642237855
0.00000981699339419606
0.00001070944733960744
0.00000937076642237855
0.00000937076642237855
0.00000937076642237855
0.00000937076642237855
0.00000981699339419606
0.00000937076642237855
0.00000937076642060219
0.00001338680917406521
0.00001070944733960744
0.00000981699339419606
0.00000847831247696718
0.00000937076642237855
0.00000937076642060219
0.00001026322036778993
0.00000937076642237855
0.00000937076642060219
0.00000937076642237855
0.00000937076642237855
0.00001070944733960744
0.00000981699339419606
0.00000981699339419606
0.00000937076642060219
0.00001026322036778993
0.00000937076642415491
0.00000937076642060219
0.00000937076642415491
0.00000937076642060219
0.00000847831247696718
0.00000981699339419606
0.00000937076642415491
0.00000981699339419606
0.00000937076642415491
0.00001026322036423721
0.00001070944733783108
0.00000981699339419606
0.00000847831247696718
0.00000892453945056104
0.00000937076642060219
0.00000937076642060219
0.00000937076642060219
0.00001026322036423721
0.00000981699339419606
0.00000847831247696718
0.00001070944734138379
0.00000937076642060219
0.00000981699339419606
0.00000981699339419606
0.00001026322036778993
0.00000892453945056104
0.00000937076642415491
0.00000981699339419606
0.00000847831247696718
0.00000892453945056104
0.00000892453945056104
0.00000981699339419606
0.00000892453944700833
0.00000892453945056104
0.00000892453944700833
0.00001160190128146610
0.00000981699339419606
0.00001026322036423721
0.00000892453944700833
0.00000937076642060219
0.00000981699339419606
0.00000937076642060219
0.00000937076642415491
0.00000981699339419606
0.00000981699339419606
0.00000847831247696718
0.00000937076642060219
0.00000981699339419606
0.00000892453944700833
0.00000847831247341446
0.00000937076642415491
0.00000981699339419606
0.00001026322036778993
0.00000892453945056104
0.00000937076642060219
0.00000981699339419606
0.00000937076642415491
0.00000937076642060219
0.00000981699339419606
0.00000892453945056104
0.00000981699339419606
0.00001026322036778993
0.00000937076642060219
0.00000937076642415491
0.00000981699339419606
0.00000937076642060219
0.00000892453944700833
0.00000803208550337331
0.00000981699339419606
0.00000981699339419606
0.00000981699339419606
0.00000981699339419606
0.00000847831247696718
0.00001026322036423721
0.00000981699339419606
0.00000847831247696718
0.00000892453945056104
0.00000937076642060219
0.00000847831247696718
0.00000981699339419606
0.00000981699339419606
0.00000892453944700833
0.00000937076642060219
0.00000981699339419606
0.00000937076642060219
0.00001204812825505996
0.00000981699339419606
0.00000937076642415491
0.00000803208550692602
0.00001026322036778993
0.00000937076642060219
0.00000937076642060219
0.00001115567431142495
0.00001026322036423721
0.00000981699339419606
0.00000981699339419606
0.00000847831247696718
0.00000937076642060219
0.00000847831247696718
0.00000937076642060219
0.00000937076642060219
0.00000981699339419606
0.00000937076642415491
0.00000981699339419606
0.00000981699339419606
0.00000981699339419606
0.00000847831247696718
0.00000981699339419606
0.00000937076642060219
0.00000847831247696718
0.00000937076642415491
0.00000981699339419606
0.00001160190128501881
0.00000847831247696718
0.00000892453945056104
0.00000981699339419606
0.00000981699339419606
0.00000981699339419606
0.00000981699339419606
0.00000981699339064335
0.00000937076642060219
0.00000937076642060219
0.00001026322036423721
0.00001338680917228885
0.00000981699339419606
0.00000981699339419606
0.00000937076642415491
0.00000937076642060219
0.00001026322036778993
0.00000937076642060219
0.00000981699339419606
0.00000937076642415491
0.00000981699339419606
0.00000981699339419606
0.00000937076642060219
0.00000981699339419606
0.00000937076642060219
0.00000847831247696718
0.00000937076642415491
0.00000981699339419606
0.00001160190128501881
0.00000937076642060219
0.00000981699339419606
0.00000803208550692602
0.00000937076642060219
0.00000892453944700833
0.00000937076642060219
0.00000937076642060219
0.00000981699339419606
0.00000937076642415491
0.00000937076642060219
0.00000937076642060219
0.00000937076642415491
0.00000847831247696718
0.00000981699339419606
0.00001026322036778993
0.00000803208550337331
0.00000847831247696718
0.00000981699339419606
0.00000981699339419606
0.00000937076642060219
0.00000937076642060219
0.00001294058220224770
0.00001070944733783108
0.00000981699339064335
0.00000981699339419606
0.00001160190128146610
0.00000937076642060219
0.00000937076642060219
0.00001517171706311160
0.00001026322036423721
0.00000937076642060219
0.00000937076642060219
0.00001026322036423721
0.00000937076642060219
0.00000937076642415491
0.00001160190128501881
0.00000981699339419606
0.00000937076642415491
