0.00001026322036651301
0.00000847831247668962
0.00000669340458686607
0.00000937076642160140
0.00000624717761438243
0.00000758585853172233
0.00000758585853177784
0.00000669340458681056
0.00000937076642160140
0.00000624717761432692
0.00000713963155929420
0.00000803208550426149
0.00000758585853177784
0.00000803208550426149
0.00000580095064206532
0.00000803208550426149
0.00000624717761432692
0.00000713963155929420
0.00000580095064184327
0.00000669340458681056
0.00001070944733894130
0.00000624717761454896
0.00000758585853177784
0.00000624717761454896
0.00000892453944922877
0.00000624717761432692
0.00000803208550426149
0.00000892453944922877
0.00000624717761477100
0.00000624717761432692
0.00000803208550426149
0.00000758585853199989
0.00000624717761477100
0.00000624717761432692
0.00000803208550426149
0.00000624717761432692
0.00000624717761432692
0.00000713963155929420
0.00001026322036645766
0.00000669340458703260
0.00000713963155929420
0.00001249435522865383
0.00000713963155929420
0.00000669340458658851
0.00000669340458703260
0.00000758585853155580
0.00000624717761432692
0.00000669340458703260
0.00000803208550426149
0.00000713963155885011
0.00000624717761432692
0.00001026322036690175
0.00001026322036690175
0.00000580095064162123
0.00000803208550426149
0.00000937076642149037
0.00000624717761432692
0.00000803208550426149
0.00000669340458703260
0.00000624717761432692
0.00001026322036601357
0.00000624717761432692
0.00000580095064250941
0.00001249435522865383
0.00000758585853155580
0.00000624717761432692
0.00000624717761432692
0.00000580095064162123
0.00000669340458703260
0.00000892453944878469
0.00000937076642149037
0.00000624717761432692
0.00000803208550426149
0.00000847831247696718
0.00000713963155885011
0.00000758585853155580
0.00000892453944967286
0.00000713963155973829
0.00000669340458703260
0.00000847831247696718
0.00000580095064250941
0.00000624717761432692
0.00001249435522865383
0.00001070944733960744
0.00000624717761432692
0.00000758585853155580
0.00000713963155885011
0.00000981699339419606
0.00000758585853155580
0.00000758585853155580
0.00000580095064162123
0.00000580095064250941
0.00000713963155973829
0.00000758585853155580
0.00000713963155973829
0.00000892453944878469
0.00000937076642237855
0.00000758585853155580
0.00000981699339419606
0.00000937076642237855
0.00000624717761432692
0.00000669340458792078
0.00000758585853333216
0.00001026322036601357
0.00000669340458792078
0.00000624717761432692
0.00000713963155796193
0.00000981699339419606
0.00000624717761432692
0.00000624717761432692
0.00001427926311947658
0.00000937076642060219
0.00000713963155973829
0.00001070944733960744
0.00001026322036601357
0.00000624717761432692
0.00000713963155973829
0.00001026322036778993
0.00000624717761432692
0.00001026322036601357
0.00000713963155796193
0.00000981699339419606
0.00000624717761432692
0.00000624717761432692
0.00000847831247696718
0.00000669340458614442
0.00000713963155796193
0.00000624717761432692
0.00000624717761432692
0.00000669340458614442
0.00000713963155973829
0.00001026322036601357
0.00000758585853155580
0.00001115567431142495
0.00001294058220047134
0.00000892453944878469
0.00000847831247696718
0.00000847831247696718
0.00000713963155973829
0.00000758585853155580
0.00000803208550514967
0.00000713963155973829
0.00000624717761432692
0.00000624717761432692
0.00000803208550337331
0.00000624717761432692
0.00000758585853333216
0.00000580095064250941
0.00000580095064073305
0.00000624717761432692
0.00000758585853155580
0.00000624717761432692
0.00000624717761432692
0.00000892453944878469
0.00000669340458792078
0.00000713963155973829
0.00000624717761432692
0.00000937076642237855
0.00000580095064250941
0.00000981699339419606
0.00000580095064073305
0.00000669340458614442
0.00000713963155973829
0.00001160190128324246
0.00000758585853155580
0.00000624717761432692
0.00000892453944878469
0.00001026322036601357
0.00000580095064250941
0.00000981699339419606
0.00000624717761610327
0.00000624717761432692
0.00001160190128501881
0.00000624717761432692
0.00000758585853155580
0.00000981699339419606
0.00000713963155973829
0.00000758585853155580
0.00001695662495215799
0.00001026322036778993
0.00000669340458792078
0.00000669340458614442
0.00000669340458614442
0.00000758585853155580
0.00000624717761432692
0.00001026322036601357
0.00000981699339419606
0.00000758585853155580
0.00000758585853155580
0.00000535472366891554
0.00000624717761432692
0.00000669340458614442
0.00000669340458614442
0.00000892453944700833
0.00000937076642415491
0.00000624717761255056
0.00000892453945056104
0.00000624717761610327
0.00000580095064250941
0.00001026322036423721
0.00000758585852977944
0.00000847831247696718
0.00000624717761610327
0.00000758585853333216
0.00000758585853333216
0.00000758585853333216
0.00000624717761610327
0.00000624717761610327
0.00000981699339419606
0.00000669340458614442
0.00000713963155973829
0.00000624717761610327
0.00001204812825505996
0.00000580095063895669
0.00000892453945056104
0.00000624717761255056
0.00000713963155973829
0.00000981699339064335
0.00000937076642060219
0.00000624717761255056
0.00001026322036778993
0.00000580095064250941
0.00000624717761610327
0.00000713963155973829
0.00000624717761255056
0.00000758585852977944
0.00000713963155973829
0.00000624717761610327
0.00001204812825505996
0.00000580095064250941
0.00000937076642060219
0.00000624717761255056
0.00000937076642060219
0.00000669340458614442
0.00001070944733783108
0.00000624717761610327
0.00000758585853333216
0.00000758585853333216
0.00000624717761255056
0.00000624717761255056
0.00000669340458969714
0.00000580095064250941
0.00000580095064250941
0.00000624717761255056
0.00000847831247696718
0.00000624717761610327
0.00000803208550337331
0.00000624717761255056
0.00000624717761610327
0.00000713963155973829
0.00000669340458614442
0.00000758585853333216
0.00000713963155973829
0.00000669340458614442
0.00000758585852977944
0.00000580095064250941
0.00001249435522865383
0.00000624717761255056
0.00000847831247696718
0.00000624717761610327
0.00000892453945056104
0.00000580095064250941
0.00000713963155973829
0.00001026322036778993
0.00000669340458614442
0.00000669340458614442
0.00000580095063895669
0.00000803208550692602
0.00001115567431142495
0.00000580095064250941
0.00001160190128501881
0.00000847831247696718
0.00000624717761610327
0.00000981699339419606
0.00000803208550337331
0.00000713963155973829
0.00000713963155618558
0.00001026322036778993
0.00000669340458614442
0.00000624717761255056
0.00001026322036778993
0.00000713963155973829
0.00000624717761610327
0.00000937076642415491
0.00001160190128501881
0.00000713963155973829
0.00000892453945056104
0.00001160190128501881
0.00000713963155973829
0.00000758585852977944
0.00000669340458614442
0.00000937076642415491
0.00000624717761610327
0.00000624717761610327
0.00000981699339419606
0.00000624717761610327
0.00000624717761255056
0.00000758585852977944
0.00000892453945056104
0.00000713963155973829
0.00000624717761610327
0.00000713963155973829
0.00000758585852977944
0.00000624717761255056
0.00001070944733783108
0.00000892453944700833
0.00000624717761610327
0.00000669340458969714
0.00000624717761255056
0.00000669340458614442
0.00001026322036423721
0.00000981699339419606
0.00001026322036778993
0.00000892453945056104
0.00000981699339419606
0.00000758585852977944
0.00000937076642060219
0.00000669340458614442
0.00000892453944700833
0.00000624717761610327
0.00000580095064250941
0.00000981699339419606
0.00000713963155973829
0.00000624717761610327
0.00001160190128501881
0.00000624717761610327
0.00000713963155973829
0.00000937076642060219
0.00000937076642060219
0.00000624717761255056
0.00000580095064250941
0.00000624717761610327
0.00001204812825861268
0.00001026322036423721
0.00000624717761610327
0.00001383303614588272
0.00000624717761610327
0.00000624717761610327
0.00000713963155973829
0.00000803208550337331
0.00000713963155973829
0.00000713963155618558
0.00000758585852977944
0.00000713963155973829
0.00000624717761255056
0.00000758585853333216
0.00000669340458969714
0.00000624717761255056
0.00001070944733783108
0.00000669340458614442
0.00000669340458614442
0.00001026322036423721
0.00000758585853333216
0.00000669340458614442
0.00000803208550692602
0.00000937076642060219
0.00001160190128146610
0.00000758585853333216
0.00001026322036778993
0.00000624717761610327
0.00000624717761255056
0.00000847831247696718
0.00000847831247696718
0.00000580095064250941
0.00000758585853333216
0.00000937076642060219
0.00000669340458614442
0.00000713963155618558
0.00000803208550337331
0.00000758585853333216
0.00000624717761610327
0.00000803208550337331
0.00001160190128501881
