0.00001204812825505996
0.00000937076642060219
0.00001070944734493651
0.00001695662495393435
0.00001026322036068450
0.00000981699339064335
0.00001026322036778993
0.00001294058220224770
0.00000981699339774877
0.00001070944733783108
0.00000937076642060219
0.00001026322036068450
0.00001026322036778993
0.00000937076642060219
0.00000847831247341446
0.00000981699339774877
0.00000981699339064335
0.00000981699339064335
0.00001070944734493651
0.00000937076642060219
0.00000937076642060219
0.00001026322036778993
0.00000847831248051989
0.00000803208550337331
0.00000981699339774877
0.00000937076642060219
0.00000981699339774877
0.00000981699339064335
0.00000981699339064335
0.00000981699339064335
0.00000937076642060219
0.00000803208550337331
0.00000892453944345561
0.00000937076642060219
0.00000847831247341446
0.00000981699339774877
0.00001026322036778993
0.00000981699339774877
0.00000847831247341446
0.00000847831247341446
0.00001026322036778993
0.00000981699339774877
0.00000937076642060219
0.00000937076642060219
0.00000981699339064335
0.00000981699339064335
0.00000937076642060219
0.00000981699339064335
0.00000847831248051989
0.00000847831248051989
0.00001026322036778993
0.00001026322036778993
0.00000937076642060219
0.00001026322036068450
0.00001070944733783108
0.00000937076642060219
0.00000847831248051989
0.00000937076642060219
0.00000937076642060219
0.00001561794403670547
0.00000892453945056104
0.00000981699339774877
0.00000758585853333216
0.00000981699339774877
0.00000937076642060219
0.00000937076642060219
0.00000937076642060219
0.00000981699339064335
0.00000892453945056104
0.00000892453945056104
0.00000892453944345561
0.00000981699339064335
0.00000937076642060219
0.00000981699339064335
0.00000892453945056104
0.00000937076642060219
0.00000981699339064335
0.00000937076642060219
0.00000937076642060219
0.00000981699339064335
0.00000981699339774877
0.00001160190128501881
0.00001026322036778993
0.00000981699339064335
0.00001294058219514227
0.00000981699339774877
0.00000937076642770762
0.00001070944733783108
0.00000981699339774877
0.00000981699339774877
0.00001026322036778993
0.00000803208550337331
0.00000937076642060219
0.00000847831247341446
0.00000937076642060219
0.00000892453945056104
0.00000892453945056104
0.00000937076642060219
0.00000981699339774877
0.00000937076642770762
0.00000981699339774877
0.00000937076642060219
0.00000937076642060219
0.00001204812825505996
0.00000937076642060219
0.00000937076642060219
0.00000981699339774877
0.00000937076642060219
0.00000981699339774877
0.00000981699339774877
0.00000803208550337331
0.00000981699339774877
0.00000981699339774877
0.00000803208550337331
0.00000937076642770762
0.00001026322036778993
0.00001026322036778993
0.00000937076642770762
0.00000937076642060219
0.00001026322036068450
0.00000803208550337331
0.00000937076642060219
0.00000937076642060219
0.00000892453945056104
0.00000937076642060219
0.00001026322036778993
0.00001070944733783108
0.00000981699339064335
0.00000981699339064335
0.00000981699339064335
0.00000937076642060219
0.00000981699339064335
0.00000981699339774877
0.00000847831248051989
0.00000981699339064335
0.00000981699339064335
0.00000937076642060219
0.00000981699339774877
0.00000937076642060219
0.00001204812825505996
0.00001026322036068450
0.00000847831248051989
0.00000937076642060219
0.00001026322036778993
0.00000981699339064335
0.00000847831247341446
0.00000892453945056104
0.00001026322036778993
0.00000803208550337331
0.00000981699339064335
0.00000981699339774877
0.00000981699339774877
0.00000937076642060219
0.00000937076642060219
0.00000981699339064335
0.00000847831247341446
0.00000981699339774877
0.00001070944733783108
0.00000937076642060219
0.00000937076642060219
0.00001026322036778993
0.00001204812826216539
0.00000981699339064335
0.00000937076642770762
0.00000937076642060219
0.00001026322036778993
0.00001026322036778993
0.00000937076642060219
0.00001160190128501881
0.00000937076642060219
0.00000981699339064335
0.00001070944733783108
0.00000981699339064335
0.00000937076642770762
0.00000981699339774877
0.00000981699339774877
0.00000937076642060219
0.00001070944733783108
0.00001249435522510112
0.00000981699339774877
0.00000937076642060219
0.00000892453945056104
0.00000981699339064335
0.00001294058220224770
0.00000847831247341446
0.00000847831248051989
0.00001070944734493651
0.00000803208550337331
0.00001026322036778993
0.00000937076642060219
0.00000981699339774877
0.00000937076642060219
0.00000937076642060219
0.00000937076642060219
0.00001026322036778993
0.00000981699339064335
0.00000937076642060219
0.00000937076642060219
0.00000937076642060219
0.00001249435523220654
0.00001026322036778993
0.00000892453945056104
0.00000937076642060219
0.00001294058220224770
0.00000937076642060219
0.00000981699339774877
0.00000937076642060219
0.00000937076642060219
0.00000937076642060219
0.00001026322036068450
0.00001026322036778993
0.00000937076642060219
0.00000892453944345561
0.00000937076642060219
0.00000981699339064335
0.00001070944733783108
0.00001115567430787223
0.00000892453945056104
0.00000937076642770762
0.00000847831247341446
0.00000937076642060219
0.00000892453945056104
0.00000892453944345561
0.00000847831247341446
0.00000937076642060219
0.00001026322036778993
0.00000847831247341446
0.00000937076642060219
0.00000937076642060219
0.00000981699339774877
0.00000892453945056104
0.00001026322036778993
0.00000981699339064335
0.00000937076642770762
0.00000981699339064335
0.00000892453944345561
0.00000981699339774877
0.00000937076642060219
0.00000937076642060219
0.00000937076642060219
0.00000981699339774877
0.00000937076642060219
0.00000981699339774877
0.00001026322036778993
0.00000981699339064335
0.00000937076642060219
0.00001160190128501881
0.00000937076642060219
0.00000937076642060219
0.00000937076642770762
0.00000981699339064335
0.00000937076642060219
0.00000937076642060219
0.00001026322036778993
0.00000981699339064335
0.00000937076642060219
0.00000937076642060219
0.00000937076642060219
0.00000892453945056104
0.00000847831247341446
0.00000937076642060219
0.00000803208551047874
0.00000937076642060219
0.00000937076642060219
0.00000937076642060219
0.00001026322036778993
0.00000937076642060219
0.00000892453944345561
0.00001070944733783108
0.00000981699339774877
0.00000937076642060219
0.00001026322036778993
0.00000892453945056104
0.00001026322036778993
0.00000892453945056104
0.00000937076642060219
0.00000937076642770762
0.00000937076642060219
0.00001115567431497766
0.00000981699339064335
0.00000892453944345561
0.00001294058219514227
0.00000981699339774877
0.00000937076642060219
0.00001026322036778993
0.00000981699339774877
0.00000981699339774877
0.00000847831247341446
0.00000892453945056104
0.00001115567430787223
0.00000847831248051989
0.00000937076642060219
0.00000937076642060219
0.00000937076642060219
0.00000847831247341446
0.00000981699339774877
0.00001026322036778993
0.00000981699339064335
0.00000981699339064335
0.00000937076642770762
0.00000937076642060219
0.00000937076642060219
0.00000847831248051989
0.00000981699339064335
0.00001026322036778993
0.00000981699339064335
0.00000981699339064335
0.00000892453944345561
0.00000847831247341446
0.00000847831247341446
0.00000981699339064335
0.00000981699339774877
0.00000803208550337331
0.00001338680917939428
0.00000981699339774877
0.00000937076642060219
0.00000937076642060219
0.00001026322036778993
0.00000981699339064335
0.00001026322036778993
0.00001026322036778993
0.00000981699339774877
0.00000937076642060219
0.00001070944733783108
0.00000981699339774877
0.00001249435522510112
0.00000981699339064335
0.00000937076642060219
0.00000937076642060219
0.00000937076642060219
0.00000981699339064335
0.00000892453945056104
0.00000847831248051989
0.00001026322036778993
0.00000937076642060219
0.00000847831248051989
0.00000847831247341446
0.00000892453945056104
0.00000937076642060219
0.00001115567430787223
0.00000981699339064335
0.00001070944733783108
0.00000981699339774877
0.00000937076642060219
0.00001160190128501881
0.00001026322036778993
0.00001026322036778993
0.00000937076642060219
0.00000937076642770762
0.00000937076642060219
0.00001338680917939428
0.00000803208550337331
0.00000892453945056104
0.00001026322036778993
0.00001472549008951773
0.00001115567431497766
0.00001294058220224770
0.00000847831247341446
0.00001026322036778993
0.00000892453945056104
0.00000981699339774877
0.00000981699339064335
0.00000937076642060219
0.00000937076642060219
0.00001249435523220654
0.00000892453945056104
0.00000981699339064335
0.00000803208551047874
0.00000981699339774877
0.00000981699339064335
0.00000981699339774877
0.00000981699339064335
0.00000937076642770762
