0.00000803208550337331
0.00000892453944345561
0.00000847831246630903
0.00000847831248051989
0.00000847831246630903
0.00000847831246630903
0.00000847831248051989
0.00000892453945766647
0.00000803208550337331
0.00000803208550337331
0.00000847831248051989
0.00000847831248051989
0.00000803208550337331
0.00001026322037489535
0.00000847831248051989
0.00000758585852622673
0.00000803208550337331
0.00000803208550337331
0.00000892453945766647
0.00000847831248051989
0.00000847831248051989
0.00000803208550337331
0.00000847831248051989
0.00000803208550337331
0.00000937076642060219
0.00000847831248051989
0.00000847831248051989
0.00000892453945766647
0.00000803208550337331
0.00000758585852622673
0.00000803208550337331
0.00000847831248051989
0.00000803208550337331
0.00000803208550337331
0.00000803208550337331
0.00000847831248051989
0.00000803208550337331
0.00000758585852622673
0.00000758585852622673
0.00000892453945766647
0.00001115567431497766
0.00000981699339774877
0.00001026322036068450
0.00000847831248051989
0.00000803208550337331
0.00000803208550337331
0.00000803208550337331
0.00000892453945766647
0.00000892453944345561
0.00000892453944345561
0.00000758585852622673
0.00000847831248051989
0.00000803208551758416
0.00000803208550337331
0.00000803208550337331
0.00001070944733783108
0.00000713963156329100
0.00000803208550337331
0.00000803208550337331
0.00000803208550337331
0.00000847831248051989
0.00001115567431497766
0.00000758585852622673
0.00000847831248051989
0.00000892453945766647
0.00000803208550337331
0.00000803208550337331
0.00000803208551758416
0.00000892453944345561
0.00000803208550337331
0.00000937076642060219
0.00001338680917228885
0.00000803208550337331
0.00000758585852622673
0.00000803208550337331
0.00000847831248051989
0.00000803208550337331
0.00000847831246630903
0.00001160190127791338
0.00000803208550337331
0.00000803208550337331
0.00000803208550337331
0.00000847831248051989
0.00000847831246630903
0.00000847831246630903
0.00000847831248051989
0.00000803208550337331
0.00000847831248051989
0.00000892453945766647
0.00000981699339774877
0.00000758585854043758
0.00001115567430076680
0.00000758585852622673
0.00000803208550337331
0.00001115567431497766
0.00000847831248051989
0.00000758585854043758
0.00000803208551758416
0.00001427926312658201
0.00000847831246630903
0.00000847831248051989
0.00001517171706666431
0.00000847831248051989
0.00001517171706666431
0.00000803208550337331
0.00001160190127791338
0.00000847831248051989
0.00000803208550337331
0.00000803208550337331
0.00000847831248051989
0.00000847831246630903
0.00000803208550337331
0.00000803208550337331
0.00000847831248051989
0.00000847831248051989
0.00000803208550337331
0.00000847831248051989
0.00000758585854043758
0.00000803208550337331
0.00000892453944345561
0.00000803208550337331
0.00000892453944345561
0.00000803208550337331
0.00000803208550337331
0.00000803208551758416
0.00000892453944345561
0.00000847831248051989
0.00000803208550337331
0.00000937076642060219
0.00000803208550337331
0.00001026322036068450
0.00000803208550337331
0.00000847831246630903
0.00000758585852622673
0.00000847831248051989
0.00001026322036068450
0.00001427926312658201
0.00000847831246630903
0.00000803208550337331
0.00000847831246630903
0.00000847831246630903
0.00000803208550337331
0.00000803208550337331
0.00000758585854043758
0.00000892453944345561
0.00000803208550337331
0.00000758585852622673
0.00001115567431497766
0.00000847831248051989
0.00000847831248051989
0.00000803208550337331
0.00000847831248051989
0.00000803208550337331
0.00000758585852622673
0.00001160190127791338
0.00000937076642060219
0.00000803208550337331
0.00000847831248051989
0.00000892453944345561
0.00001026322037489535
0.00000758585854043758
0.00000803208551758416
0.00000803208550337331
0.00000758585854043758
0.00000758585852622673
0.00001026322036068450
0.00000803208550337331
0.00000758585854043758
0.00000892453945766647
0.00000758585852622673
0.00000803208550337331
0.00000803208550337331
0.00000758585852622673
0.00001026322037489535
0.00000803208550337331
0.00000758585852622673
0.00000981699339774877
0.00000803208550337331
0.00001249435523220654
0.00000758585852622673
0.00000892453944345561
0.00000892453945766647
0.00000847831248051989
0.00000892453945766647
0.00002052644073557985
0.00000803208550337331
0.00000758585854043758
0.00000758585852622673
0.00000803208550337331
0.00000981699339774877
0.00000981699338353792
0.00001383303614943543
0.00001026322036068450
0.00000892453944345561
0.00000847831248051989
0.00000803208550337331
0.00000803208550337331
0.00000847831248051989
0.00000803208550337331
0.00000847831246630903
0.00000847831246630903
0.00000937076642060219
0.00000803208550337331
0.00001160190129212424
0.00000892453945766647
0.00000981699339774877
0.00000758585852622673
0.00000803208550337331
0.00000847831246630903
0.00000803208550337331
0.00000803208550337331
0.00000892453944345561
0.00000803208550337331
0.00000847831248051989
0.00000892453944345561
0.00000803208550337331
0.00000847831248051989
0.00001160190129212424
0.00000803208550337331
0.00000803208550337331
0.00000803208550337331
0.00001249435521799569
0.00000847831248051989
0.00000803208550337331
0.00000758585852622673
0.00000937076642060219
0.00000847831248051989
0.00000803208550337331
0.00000803208550337331
0.00000937076642060219
0.00001026322036068450
0.00000758585852622673
0.00001249435523220654
0.00001160190127791338
0.00000758585854043758
0.00000758585852622673
0.00000803208550337331
0.00000803208550337331
0.00000803208550337331
0.00001070944733783108
0.00000803208550337331
0.00000803208550337331
0.00000847831246630903
0.00001070944733783108
0.00000803208550337331
0.00000847831248051989
0.00001070944733783108
0.00000758585852622673
0.00001026322037489535
0.00000803208550337331
0.00001160190127791338
0.00000847831246630903
0.00000847831248051989
0.00000847831248051989
0.00000803208550337331
0.00000847831248051989
0.00000937076642060219
0.00000803208550337331
0.00000803208550337331
0.00000803208550337331
0.00000803208550337331
0.00000758585852622673
0.00000713963156329100
0.00000803208550337331
0.00000847831248051989
0.00000803208550337331
0.00000758585852622673
0.00000803208550337331
0.00001070944733783108
0.00000758585852622673
0.00000803208551758416
0.00000892453945766647
0.00000803208550337331
0.00000758585854043758
0.00000713963154908015
0.00001204812825505996
0.00000803208550337331
0.00000847831248051989
0.00000847831248051989
0.00000981699339774877
0.00000758585854043758
0.00000758585852622673
0.00000803208550337331
0.00000847831246630903
0.00000803208551758416
0.00000758585854043758
0.00000803208550337331
0.00000803208550337331
0.00001160190127791338
0.00000803208550337331
0.00000803208550337331
0.00001249435523220654
0.00000803208551758416
0.00000847831248051989
0.00000892453944345561
0.00001294058219514227
0.00000803208550337331
0.00000847831248051989
0.00000758585854043758
0.00000847831248051989
0.00000803208550337331
0.00000892453944345561
0.00000803208551758416
0.00000803208550337331
0.00000803208550337331
0.00000847831246630903
0.00000981699338353792
0.00000803208550337331
0.00000892453944345561
0.00000803208550337331
0.00000803208550337331
0.00000803208550337331
0.00000758585852622673
0.00000847831246630903
0.00000847831246630903
0.00000758585852622673
0.00000847831246630903
0.00000803208550337331
0.00000937076643481305
0.00000847831246630903
0.00000847831248051989
0.00001160190127791338
0.00000847831248051989
0.00000758585852622673
0.00000847831248051989
0.00000803208550337331
0.00000981699338353792
0.00000803208550337331
0.00000758585852622673
0.00000803208550337331
0.00000892453944345561
0.00000892453944345561
0.00000847831248051989
0.00000758585852622673
0.00000803208550337331
0.00001249435523220654
0.00000758585852622673
0.00001070944733783108
0.00000847831248051989
0.00000847831248051989
0.00000803208550337331
0.00001383303614943543
0.00000847831248051989
0.00000803208550337331
0.00000803208550337331
0.00000803208550337331
0.00000847831246630903
0.00000803208551758416
0.00000847831248051989
0.00000803208550337331
0.00000803208550337331
0.00000758585854043758
0.00000803208550337331
0.00001026322036068450
0.00000937076642060219
0.00000803208550337331
0.00001026322037489535
0.00000847831248051989
0.00001026322036068450
0.00000803208550337331
0.00001070944733783108
0.00000847831248051989
0.00000803208550337331
0.00000803208550337331
0.00000803208550337331
0.00000847831248051989
0.00001160190129212424
0.00000847831248051989
0.00000803208550337331
0.00001249435521799569
0.00000803208550337331
0.00000758585852622673
0.00000847831246630903
