0.00000981699349722476
0.00000758585849780502
0.00001115567431497766
0.00000981699349722476
0.00001204812826927082
0.00000669340465719870
0.00001026322036068450
0.00000624717768005212
0.00001204812826927082
0.00000624717756636528
0.00000713963152065844
0.00000981699338353792
0.00000580095058921870
0.00000669340454351186
0.00000624717768005212
0.00000937076652007818
0.00000624717768005212
0.00000624717756636528
0.00000713963152065844
0.00000981699338353792
0.00000624717768005212
0.00000624717756636528
0.00000713963152065844
0.00000892453954293160
0.00000580095058921870
0.00000981699338353792
0.00001160190129212424
0.00000580095058921870
0.00000624717756636528
0.00000758585861149186
0.00001070944733783108
0.00000624717756636528
0.00000758585849780502
0.00000981699338353792
0.00000758585861149186
0.00000937076640639134
0.00000892453942924476
0.00000937076640639134
0.00000758585849780502
0.00000624717756636528
0.00000669340454351186
0.00000847831256578502
0.00001026322036068450
0.00000892453942924476
0.00000624717756636528
0.00000713963163434528
0.00000624717768005212
0.00000803208558863844
0.00001070944733783108
0.00000981699338353792
0.00000669340454351186
0.00000981699338353792
0.00000580095070290554
0.00000847831245209818
0.00000580095058921870
0.00000624717756636528
0.00000713963163434528
0.00001829530583563610
0.00000624717756636528
0.00000847831245209818
0.00000624717768005212
0.00001026322036068450
0.00000624717768005212
0.00000803208547495160
0.00001026322036068450
0.00000624717756636528
0.00000713963163434528
0.00001026322036068450
0.00000624717756636528
0.00000624717756636528
0.00000624717768005212
0.00000713963163434528
0.00000981699326985108
0.00000758585838411818
0.00000713963163434528
0.00001160190117843740
0.00000758585861149186
0.00000624717768005212
0.00000803208536126476
0.00000758585861149186
0.00000758585861149186
0.00001026322024699766
0.00000624717768005212
0.00000669340442982502
0.00000624717768005212
0.00001026322024699766
0.00000713963163434528
0.00000981699349722476
0.00000713963140697160
0.00000803208536126476
0.00000624717768005212
0.00000892453931555792
0.00000758585838411818
0.00000758585861149186
0.00001115567442866450
0.00000624717745267844
0.00000713963163434528
0.00001026322024699766
0.00000624717768005212
0.00000803208558863844
0.00000981699349722476
0.00000981699326985108
0.00000669340465719870
0.00000713963163434528
0.00000758585838411818
0.00000803208536126476
0.00000669340442982502
0.00000669340465719870
0.00000624717745267844
0.00001070944722414424
0.00001026322047437134
0.00000624717768005212
0.00000713963163434528
0.00000847831233841134
0.00001026322047437134
0.00000624717745267844
0.00000713963163434528
0.00000981699326985108
0.00000624717768005212
0.00000669340465719870
0.00000580095070290554
0.00000981699326985108
0.00000580095070290554
0.00000624717745267844
0.00001204812838295766
0.00000580095070290554
0.00000713963163434528
0.00001070944745151792
0.00000624717745267844
0.00000847831256578502
0.00000758585838411818
0.00000580095070290554
0.00001026322047437134
0.00000758585861149186
0.00000758585861149186
0.00000624717768005212
0.00000713963163434528
0.00000758585861149186
0.00000669340465719870
0.00000669340465719870
0.00000713963163434528
0.00000713963163434528
0.00000624717768005212
0.00000713963163434528
0.00000669340465719870
0.00000580095070290554
0.00000803208558863844
0.00000892453954293160
0.00000580095070290554
0.00000624717768005212
0.00000892453931555792
0.00000669340465719870
0.00000624717768005212
0.00001070944745151792
0.00000669340442982502
0.00000758585861149186
0.00000892453931555792
0.00000580095070290554
0.00000669340465719870
0.00000713963163434528
0.00001026322024699766
0.00001115567420129082
0.00000669340465719870
0.00000937076652007818
0.00001070944745151792
0.00000624717745267844
0.00000758585861149186
0.00000758585861149186
0.00000624717768005212
0.00000624717768005212
0.00000892453931555792
0.00000624717768005212
0.00000624717768005212
0.00001070944722414424
0.00000624717768005212
0.00000892453954293160
0.00001160190140581108
0.00001160190117843740
0.00001249435536010424
0.00000669340465719870
0.00000713963140697160
0.00000624717745267844
0.00000713963163434528
0.00001026322047437134
0.00000758585861149186
0.00000580095070290554
0.00000803208558863844
0.00000981699349722476
0.00000758585861149186
0.00000892453931555792
0.00000803208558863844
0.00000624717745267844
0.00000847831256578502
0.00001026322024699766
0.00000937076652007818
0.00000758585838411818
0.00000580095070290554
0.00000669340442982502
0.00000758585861149186
0.00001026322024699766
0.00000669340465719870
0.00000624717768005212
0.00000892453931555792
0.00001070944722414424
0.00000624717768005212
0.00000937076652007818
0.00000758585861149186
0.00001070944722414424
0.00000713963163434528
0.00000624717768005212
0.00000847831256578502
0.00000758585861149186
0.00000713963140697160
0.00000624717745267844
0.00000981699326985108
0.00001115567442866450
0.00000669340442982502
0.00000713963140697160
0.00000758585861149186
0.00001070944722414424
0.00000669340465719870
0.00000937076652007818
0.00000624717768005212
0.00000624717768005212
0.00000624717768005212
0.00000713963140697160
0.00001070944745151792
0.00000937076629270450
0.00000713963163434528
0.00000981699349722476
0.00000624717745267844
0.00000624717768005212
0.00000981699349722476
0.00000981699349722476
0.00001115567420129082
0.00000624717745267844
0.00000803208558863844
0.00000580095070290554
0.00001070944745151792
0.00000580095070290554
0.00000981699349722476
0.00001115567442866450
0.00000624717768005212
0.00000624717768005212
0.00001070944722414424
0.00000892453954293160
0.00001160190140581108
0.00000713963140697160
0.00001204812838295766
0.00000624717768005212
0.00000624717768005212
0.00000624717768005212
0.00001026322024699766
0.00000580095070290554
0.00000669340465719870
0.00000758585861149186
0.00001026322024699766
0.00000624717768005212
0.00000758585838411818
0.00000847831256578502
0.00001115567442866450
0.00000535472372575896
0.00001070944722414424
0.00001249435513273056
0.00000624717768005212
0.00000713963163434528
0.00000937076629270450
0.00000937076652007818
0.00000624717768005212
0.00000981699326985108
0.00000937076652007818
0.00000580095047553186
0.00000669340442982502
0.00000713963163434528
0.00000624717745267844
0.00000624717768005212
0.00000847831233841134
0.00001160190117843740
0.00000580095070290554
0.00000937076629270450
0.00000981699349722476
0.00000758585861149186
0.00000624717768005212
0.00000847831256578502
0.00001115567420129082
0.00000624717768005212
0.00000624717768005212
0.00000713963140697160
0.00000937076652007818
0.00000937076629270450
0.00000713963163434528
0.00000713963163434528
0.00000624717768005212
0.00000624717768005212
0.00000624717768005212
0.00000669340442982502
0.00000624717745267844
0.00000624717745267844
0.00000624717768005212
0.00000892453931555792
0.00001026322047437134
0.00000624717768005212
0.00001160190140581108
0.00000981699349722476
0.00000713963163434528
0.00000580095070290554
0.00000624717745267844
0.00001026322047437134
0.00000847831256578502
0.00001026322024699766
0.00001026322024699766
0.00000713963163434528
0.00000624717745267844
0.00000803208536126476
0.00000758585861149186
0.00000624717768005212
0.00001026322047437134
0.00000937076652007818
0.00001026322024699766
0.00000624717768005212
0.00000624717768005212
0.00001026322024699766
0.00000580095070290554
0.00000624717768005212
0.00000669340442982502
0.00000624717768005212
0.00000713963163434528
0.00000669340465719870
0.00000624717768005212
0.00001160190140581108
0.00001070944745151792
0.00000580095070290554
0.00000624717745267844
0.00000758585861149186
0.00000892453931555792
0.00000713963163434528
0.00000624717745267844
0.00000713963163434528
0.00000713963163434528
0.00000580095070290554
0.00000624717768005212
0.00000937076652007818
0.00001026322024699766
0.00000624717768005212
0.00000713963140697160
0.00001160190117843740
0.00000981699326985108
0.00000892453954293160
0.00000669340465719870
0.00000758585838411818
0.00000937076652007818
0.00000624717745267844
0.00000624717768005212
0.00000713963140697160
0.00000580095047553186
0.00000892453954293160
0.00001115567420129082
0.00001115567420129082
0.00000624717768005212
0.00000624717768005212
0.00000803208558863844
0.00000937076652007818
0.00000937076629270450
0.00000937076629270450
0.00001026322024699766
0.00000713963163434528
0.00001026322024699766
0.00000624717768005212
0.00000758585861149186
0.00000624717768005212
0.00000981699326985108
0.00000937076652007818
0.00000892453954293160
