0.00000624717760899784
0.00000446226972883323
0.00000401604275168665
0.00000446226971462238
0.00000401604275168665
0.00000356981577454007
0.00000401604275168665
0.00000624717760899784
0.00000446226972883323
0.00000446226972883323
0.00000446226972883323
0.00000401604275168665
0.00000446226972883323
0.00000401604275168665
0.00000401604275168665
0.00000401604275168665
0.00000401604275168665
0.00000490849670597981
0.00000401604275168665
0.00000401604275168665
0.00000401604275168665
0.00000356981578875093
0.00000446226972883323
0.00000446226972883323
0.00000401604275168665
0.00000446226971462238
0.00000401604275168665
0.00000401604275168665
0.00000446226972883323
0.00000401604275168665
0.00000446226971462238
0.00000446226972883323
0.00000446226971462238
0.00000446226972883323
0.00000401604275168665
0.00000356981577454007
0.00000401604275168665
0.00000401604275168665
0.00000401604275168665
0.00000446226972883323
0.00000401604275168665
0.00000401604275168665
0.00000401604275168665
0.00000401604275168665
0.00000446226972883323
0.00000446226972883323
0.00000401604275168665
0.00000401604275168665
0.00000401604275168665
0.00000401604275168665
0.00000401604275168665
0.00000401604275168665
0.00000446226971462238
0.00000401604275168665
0.00000490849669176896
0.00000401604275168665
0.00000446226972883323
0.00000580095063185126
0.00000401604275168665
0.00000446226972883323
0.00000401604275168665
0.00000490849669176896
0.00000446226972883323
0.00000401604275168665
0.00000401604275168665
0.00000356981578875093
0.00000446226972883323
0.00000401604275168665
0.00000446226971462238
0.00000624717760899784
0.00000446226972883323
0.00000446226972883323
0.00000401604275168665
0.00000446226972883323
0.00000446226971462238
0.00000446226972883323
0.00000401604275168665
0.00000446226972883323
0.00000758585854043758
0.00000446226971462238
0.00000401604275168665
0.00000401604275168665
0.00000401604275168665
0.00000401604275168665
0.00000446226972883323
0.00000401604275168665
0.00000446226972883323
0.00000401604275168665
0.00000446226971462238
0.00000401604275168665
0.00000490849669176896
0.00000446226971462238
0.00000624717760899784
0.00000446226971462238
0.00000401604275168665
0.00000535472366891554
0.00000446226971462238
0.00000401604275168665
0.00000401604275168665
0.00000356981577454007
0.00000401604275168665
0.00000401604275168665
0.00000446226971462238
0.00000401604275168665
0.00000446226972883323
0.00000446226972883323
0.00000401604275168665
0.00000401604275168665
0.00000401604275168665
0.00000401604275168665
0.00000401604275168665
0.00000401604275168665
0.00000446226972883323
0.00000401604275168665
0.00000401604275168665
0.00000401604275168665
0.00000401604275168665
0.00000624717760899784
0.00000446226972883323
0.00000401604275168665
0.00000446226972883323
0.00000446226971462238
0.00000401604275168665
0.00000401604275168665
0.00000401604275168665
0.00000401604275168665
0.00000401604275168665
0.00000401604275168665
0.00000758585852622673
0.00000490849669176896
0.00000401604275168665
0.00000446226971462238
0.00000446226972883323
0.00000401604276589751
0.00000401604275168665
0.00000446226971462238
0.00000401604275168665
0.00000401604275168665
0.00000535472366891554
0.00000446226972883323
0.00000401604275168665
0.00000446226971462238
0.00000401604275168665
0.00000401604275168665
0.00000401604276589751
0.00000446226971462238
0.00000401604275168665
0.00000490849670597981
0.00000401604275168665
0.00000401604275168665
0.00000401604275168665
0.00000401604275168665
0.00000446226972883323
0.00000446226972883323
0.00000446226971462238
0.00000401604275168665
0.00000401604275168665
0.00000401604275168665
0.00000446226972883323
0.00000446226971462238
0.00000401604275168665
0.00000490849669176896
0.00000446226971462238
0.00000446226972883323
0.00000401604276589751
0.00000446226972883323
0.00000446226971462238
0.00000490849670597981
0.00000401604275168665
0.00000401604275168665
0.00000401604275168665
0.00000446226971462238
0.00000446226972883323
0.00000490849670597981
0.00000446226972883323
0.00000401604275168665
0.00000356981577454007
0.00000446226972883323
0.00000847831246630903
0.00000669340458614442
0.00000446226971462238
0.00000446226971462238
0.00000401604275168665
0.00000490849670597981
0.00000446226971462238
0.00000401604275168665
0.00000401604275168665
0.00000401604275168665
0.00000401604275168665
0.00000401604275168665
0.00000356981577454007
0.00000446226972883323
0.00000401604275168665
0.00000401604275168665
0.00000401604275168665
0.00000446226972883323
0.00000490849669176896
0.00000401604275168665
0.00000401604275168665
0.00000847831246630903
0.00000446226972883323
0.00000713963156329100
0.00000446226972883323
0.00000401604275168665
0.00000401604275168665
0.00000758585854043758
0.00000401604275168665
0.00000401604275168665
0.00000356981578875093
0.00000669340458614442
0.00000356981578875093
0.00000401604275168665
0.00000401604275168665
0.00000401604275168665
0.00000401604275168665
0.00000446226971462238
0.00000401604275168665
0.00000401604275168665
0.00000892453945766647
0.00000401604275168665
0.00000446226972883323
0.00000446226972883323
0.00000401604275168665
0.00000401604275168665
0.00000401604275168665
0.00000401604275168665
0.00000356981577454007
0.00000446226972883323
0.00000446226972883323
0.00000401604275168665
0.00000624717762320870
0.00000401604275168665
0.00000401604275168665
0.00000401604276589751
0.00000401604275168665
0.00000446226972883323
0.00000401604275168665
0.00000401604275168665
0.00000401604275168665
0.00000401604275168665
0.00000490849670597981
0.00000446226972883323
0.00000446226972883323
0.00000446226972883323
0.00000446226971462238
0.00000446226972883323
0.00000490849669176896
0.00000401604275168665
0.00000401604275168665
0.00000490849669176896
0.00000401604275168665
0.00000981699339774877
0.00000490849669176896
0.00000446226972883323
0.00000446226972883323
0.00000446226972883323
0.00000446226971462238
0.00000446226971462238
0.00000401604275168665
0.00000356981578875093
0.00000446226972883323
0.00000356981577454007
0.00000401604275168665
0.00000401604275168665
0.00000401604275168665
0.00000446226971462238
0.00000356981577454007
0.00000446226972883323
0.00000446226972883323
0.00000401604275168665
0.00000401604275168665
0.00000401604275168665
0.00000490849669176896
0.00000490849669176896
0.00000490849670597981
0.00000490849669176896
0.00000401604275168665
0.00000401604275168665
0.00000356981577454007
0.00000401604275168665
0.00001160190127791338
0.00000446226971462238
0.00000401604275168665
0.00000401604275168665
0.00000446226972883323
0.00000446226971462238
0.00000356981578875093
0.00000401604275168665
0.00000490849669176896
0.00000401604275168665
0.00000446226972883323
0.00000401604275168665
0.00000401604275168665
0.00000401604275168665
0.00000446226972883323
0.00000446226972883323
0.00000401604275168665
0.00000401604275168665
0.00000356981577454007
0.00000401604275168665
0.00000401604275168665
0.00000446226972883323
0.00000624717762320870
0.00000401604275168665
0.00000401604275168665
0.00000401604275168665
0.00000401604275168665
0.00000446226971462238
0.00000580095063185126
0.00000446226971462238
0.00000401604275168665
0.00000446226972883323
0.00000758585852622673
0.00000446226972883323
0.00000401604275168665
0.00000446226972883323
0.00000446226972883323
0.00000446226972883323
0.00000401604275168665
0.00000446226972883323
0.00000401604275168665
0.00000401604275168665
0.00000490849669176896
0.00000401604275168665
0.00000401604275168665
0.00000401604275168665
0.00000446226971462238
0.00000401604275168665
0.00000446226971462238
0.00000535472366891554
0.00000446226972883323
0.00000401604275168665
0.00000892453945766647
0.00000401604275168665
0.00000401604275168665
0.00000624717760899784
0.00000446226972883323
0.00000446226972883323
0.00000401604275168665
0.00000401604275168665
0.00000624717760899784
0.00000401604275168665
0.00000401604275168665
0.00000401604275168665
0.00000847831248051989
0.00000401604275168665
0.00000401604275168665
0.00000401604275168665
0.00000401604275168665
0.00000401604275168665
0.00000446226972883323
0.00000446226972883323
0.00000401604275168665
0.00000401604275168665
0.00000446226971462238
0.00000446226972883323
0.00000803208550337331
0.00000401604275168665
0.00000490849669176896
0.00000446226972883323
0.00000446226971462238
0.00000401604275168665
0.00000401604275168665
0.00000446226972883323
0.00000401604275168665
0.00000401604275168665
0.00000401604275168665
0.00000446226972883323
0.00000401604275168665
0.00000446226971462238
0.00000401604275168665
0.00000401604275168665
0.00000446226971462238
