0.00001160190129212424
0.00000847831248051989
0.00001115567431497766
0.00001160190126370253
0.00001026322036068450
0.00000981699338353792
0.00002141889467566216
0.00001026322036068450
0.00001070944733783108
0.00000981699338353792
0.00000937076640639134
0.00001204812821242740
0.00000847831245209818
0.00000981699344038134
0.00000937076646323476
0.00000981699338353792
0.00001427926315500372
0.00000981699338353792
0.00000937076640639134
0.00000937076640639134
0.00000981699338353792
0.00001427926315500372
0.00001026322036068450
0.00001026322036068450
0.00000937076640639134
0.00001160190123528082
0.00000937076640639134
0.00000937076640639134
0.00000981699344038134
0.00000847831250894160
0.00000981699338353792
0.00000981699344038134
0.00001160190129212424
0.00001383303612101372
0.00001249435524641740
0.00001204812826927082
0.00000981699338353792
0.00000847831245209818
0.00000981699338353792
0.00000937076640639134
0.00000937076646323476
0.00000937076646323476
0.00000981699338353792
0.00000937076640639134
0.00000981699338353792
0.00000937076640639134
0.00001070944733783108
0.00000981699338353792
0.00001115567431497766
0.00000847831245209818
0.00000892453948608818
0.00000937076646323476
0.00000937076646323476
0.00000981699338353792
0.00000981699338353792
0.00001026322036068450
0.00000892453942924476
0.00000892453942924476
0.00001294058222356398
0.00000981699338353792
0.00000981699338353792
0.00000847831245209818
0.00001026322036068450
0.00000892453942924476
0.00001160190129212424
0.00001472549013215030
0.00001606417100674662
0.00000892453948608818
0.00001026322041752792
0.00000981699338353792
0.00000892453942924476
0.00000981699338353792
0.00000803208553179502
0.00000847831250894160
0.00001249435518957398
0.00000981699338353792
0.00001070944733783108
0.00000981699338353792
0.00000937076646323476
0.00000847831245209818
0.00000937076646323476
0.00001026322036068450
0.00000981699338353792
0.00000981699338353792
0.00000937076646323476
0.00000981699338353792
0.00000937076640639134
0.00000981699338353792
0.00000892453948608818
0.00001383303612101372
0.00000981699344038134
0.00000892453942924476
0.00000981699338353792
0.00000847831245209818
0.00001070944733783108
0.00000892453948608818
0.00001115567431497766
0.00001115567431497766
0.00000937076640639134
0.00001204812826927082
0.00000847831245209818
0.00000892453942924476
0.00000937076640639134
0.00000803208547495160
0.00000892453942924476
0.00000937076640639134
0.00000937076640639134
0.00000892453942924476
0.00000847831245209818
0.00000981699344038134
0.00000847831245209818
0.00000937076640639134
0.00000847831250894160
0.00001472549007530688
0.00001160190129212424
0.00001115567431497766
0.00001115567425813424
0.00001026322041752792
0.00000981699344038134
0.00000803208553179502
0.00004239156237417774
0.00000847831245209818
0.00001160190129212424
0.00000937076646323476
0.00000981699338353792
0.00000937076646323476
0.00000937076640639134
0.00001026322036068450
0.00000981699338353792
0.00000937076646323476
0.00000937076646323476
0.00000981699338353792
0.00000847831245209818
0.00000847831245209818
0.00000937076646323476
0.00000847831250894160
0.00000892453948608818
0.00001026322036068450
0.00000892453942924476
0.00001026322036068450
0.00000803208547495160
0.00000937076640639134
0.00001294058222356398
0.00001070944733783108
0.00000981699338353792
0.00000892453948608818
0.00000981699344038134
0.00000981699344038134
0.00000981699338353792
0.00001249435524641740
0.00000847831250894160
0.00001115567431497766
0.00001204812826927082
0.00000892453948608818
0.00000981699338353792
0.00000981699338353792
0.00000847831245209818
0.00000981699338353792
0.00000937076640639134
0.00000937076640639134
0.00000937076646323476
0.00001115567431497766
0.00000937076640639134
0.00000937076646323476
0.00000981699338353792
0.00000981699338353792
0.00001070944733783108
0.00000937076640639134
0.00000847831250894160
0.00001115567431497766
0.00000937076640639134
0.00000937076646323476
0.00000847831245209818
0.00000981699338353792
0.00000981699338353792
0.00000937076640639134
0.00000981699338353792
0.00000803208553179502
0.00001249435524641740
0.00001160190129212424
0.00001026322036068450
0.00000981699338353792
0.00000847831250894160
0.00000937076646323476
0.00001026322036068450
0.00001026322041752792
0.00001026322041752792
0.00001070944733783108
0.00000847831245209818
0.00000981699338353792
0.00000803208553179502
0.00000981699344038134
0.00000803208547495160
0.00000892453948608818
0.00000981699338353792
0.00000981699344038134
0.00000981699338353792
0.00001026322036068450
0.00000981699344038134
0.00000981699338353792
0.00000937076640639134
0.00000981699338353792
0.00000937076640639134
0.00000981699338353792
0.00000937076640639134
0.00000981699338353792
0.00000981699344038134
0.00001026322041752792
0.00001070944733783108
0.00000981699338353792
0.00000803208547495160
0.00000981699338353792
0.00000892453942924476
0.00000803208547495160
0.00000981699338353792
0.00001294058222356398
0.00000981699338353792
0.00001115567431497766
0.00000937076640639134
0.00000847831245209818
0.00000981699338353792
0.00000847831245209818
0.00000892453942924476
0.00001026322036068450
0.00000937076646323476
0.00000981699338353792
0.00000847831245209818
0.00000937076640639134
0.00000937076640639134
0.00000803208547495160
0.00000892453942924476
0.00000981699344038134
0.00000892453942924476
0.00001160190129212424
0.00000847831245209818
0.00000937076640639134
0.00000937076640639134
0.00000981699338353792
0.00000981699338353792
0.00000981699338353792
0.00000847831250894160
0.00000937076640639134
0.00000937076640639134
0.00000892453948608818
0.00000981699338353792
0.00001070944733783108
0.00001026322036068450
0.00000981699338353792
0.00001160190129212424
0.00001427926315500372
0.00000892453942924476
0.00001249435524641740
0.00000981699338353792
0.00001160190129212424
0.00001070944733783108
0.00000803208547495160
0.00000981699338353792
0.00000937076640639134
0.00001160190129212424
0.00001204812826927082
0.00001115567431497766
0.00000937076640639134
0.00001160190129212424
0.00001294058216672056
0.00001204812826927082
0.00001249435524641740
0.00001115567431497766
0.00001204812826927082
0.00001249435524641740
0.00001160190129212424
0.00001115567431497766
0.00000847831250894160
0.00000937076640639134
0.00001160190129212424
0.00001160190129212424
0.00001160190129212424
0.00000892453942924476
0.00000937076640639134
0.00000847831245209818
0.00000847831250894160
0.00001026322041752792
0.00000803208553179502
0.00001070944733783108
0.00000937076640639134
0.00001026322036068450
0.00000892453948608818
0.00000803208553179502
0.00000937076646323476
0.00001026322036068450
0.00000937076640639134
0.00000847831245209818
0.00000981699344038134
0.00000937076640639134
0.00001115567431497766
0.00000847831250894160
0.00000847831250894160
0.00000892453942924476
0.00000937076640639134
0.00001070944733783108
0.00001070944733783108
0.00000847831250894160
0.00000981699338353792
0.00000892453948608818
0.00000981699338353792
0.00000892453942924476
0.00000892453942924476
0.00000803208547495160
0.00000937076646323476
0.00000847831245209818
0.00000937076640639134
0.00000847831245209818
0.00000937076640639134
0.00000981699338353792
0.00000803208547495160
0.00000847831250894160
0.00000937076646323476
0.00000981699338353792
0.00000937076640639134
0.00000892453942924476
0.00000937076646323476
0.00000981699338353792
0.00000981699344038134
0.00000937076640639134
0.00001204812821242740
0.00000981699338353792
0.00000981699344038134
0.00000847831250894160
0.00000981699338353792
0.00000937076646323476
0.00001294058222356398
0.00000847831250894160
0.00000937076640639134
0.00000937076646323476
0.00000892453948608818
0.00000937076640639134
0.00000981699338353792
0.00001070944733783108
0.00001026322036068450
0.00000981699338353792
0.00000937076640639134
0.00000981699338353792
0.00000803208547495160
0.00001249435518957398
0.00001026322036068450
0.00000892453942924476
0.00000981699344038134
0.00000981699344038134
0.00000847831250894160
0.00000847831250894160
0.00000847831245209818
0.00000981699344038134
0.00001026322036068450
0.00001026322036068450
0.00000937076640639134
0.00001204812821242740
0.00000937076640639134
0.00002008021374422242
0.00000981699338353792
0.00001026322036068450
0.00001026322036068450
0.00000937076646323476
0.00000847831245209818
0.00000981699338353792
0.00000847831250894160
0.00000981699338353792
0.00000981699338353792
0.00000892453942924476
0.00000892453948608818
0.00000981699338353792
0.00000937076640639134
0.00000981699338353792
0.00001294058222356398
0.00000981699344038134
