0.00000446226977146580
0.00000446226977146580
0.00000490849674861238
0.00000401604279431922
0.00000669340442982502
0.00000356981581717264
0.00000401604279431922
0.00000401604279431922
0.00000490849674861238
0.00000401604279431922
0.00000401604279431922
0.00000401604279431922
0.00000401604279431922
0.00000401604279431922
0.00000401604279431922
0.00000356981581717264
0.00000401604279431922
0.00000401604256694554
0.00000446226977146580
0.00000401604256694554
0.00000446226954409212
0.00000401604279431922
0.00000401604279431922
0.00000401604279431922
0.00000401604256694554
0.00000446226954409212
0.00000401604256694554
0.00000847831233841134
0.00000401604279431922
0.00000401604279431922
0.00000847831256578502
0.00000356981581717264
0.00000401604256694554
0.00000401604279431922
0.00000490849674861238
0.00000401604279431922
0.00000446226977146580
0.00000401604256694554
0.00000401604256694554
0.00000446226954409212
0.00000446226977146580
0.00000401604279431922
0.00000401604279431922
0.00000446226977146580
0.00000401604279431922
0.00000401604279431922
0.00000401604279431922
0.00000401604256694554
0.00000401604279431922
0.00000356981581717264
0.00000446226954409212
0.00000401604256694554
0.00000401604279431922
0.00000401604279431922
0.00000401604279431922
0.00000401604279431922
0.00000401604279431922
0.00000446226954409212
0.00000401604279431922
0.00000446226954409212
0.00000401604279431922
0.00000580095070290554
0.00000401604279431922
0.00000356981558979896
0.00000446226977146580
0.00000446226977146580
0.00000446226977146580
0.00000401604279431922
0.00000446226977146580
0.00000401604279431922
0.00000624717745267844
0.00000401604279431922
0.00000401604279431922
0.00000446226977146580
0.00000401604256694554
0.00000401604279431922
0.00000446226977146580
0.00000401604279431922
0.00000446226977146580
0.00000401604279431922
0.00000490849652123870
0.00000490849674861238
0.00000401604256694554
0.00000401604279431922
0.00000401604279431922
0.00000401604279431922
0.00000401604279431922
0.00000624717745267844
0.00000401604256694554
0.00000401604279431922
0.00000401604279431922
0.00000446226977146580
0.00000401604279431922
0.00000401604279431922
0.00000446226977146580
0.00000401604279431922
0.00000401604279431922
0.00000401604279431922
0.00000401604279431922
0.00000401604279431922
0.00000401604279431922
0.00000401604279431922
0.00000401604279431922
0.00000490849652123870
0.00000401604279431922
0.00000446226977146580
0.00000446226977146580
0.00000401604279431922
0.00000401604256694554
0.00000401604279431922
0.00000401604279431922
0.00000401604279431922
0.00000401604279431922
0.00000446226977146580
0.00000446226977146580
0.00000401604256694554
0.00000401604279431922
0.00000401604279431922
0.00000401604279431922
0.00000401604279431922
0.00000401604279431922
0.00000401604279431922
0.00000401604279431922
0.00000401604279431922
0.00000401604279431922
0.00000401604279431922
0.00000446226977146580
0.00000401604279431922
0.00000401604279431922
0.00000446226977146580
0.00000401604256694554
0.00000401604279431922
0.00000446226977146580
0.00000401604279431922
0.00000401604256694554
0.00000401604256694554
0.00000580095047553186
0.00000446226954409212
0.00000401604279431922
0.00000446226977146580
0.00000401604279431922
0.00000446226977146580
0.00000446226977146580
0.00000401604279431922
0.00000401604279431922
0.00000401604279431922
0.00000446226977146580
0.00000669340465719870
0.00000401604256694554
0.00000401604256694554
0.00000401604279431922
0.00000713963140697160
0.00000446226977146580
0.00000401604279431922
0.00000401604279431922
0.00000401604279431922
0.00000401604279431922
0.00000446226954409212
0.00000401604279431922
0.00000446226977146580
0.00000401604279431922
0.00000401604279431922
0.00000401604279431922
0.00000401604279431922
0.00000446226977146580
0.00000401604279431922
0.00000446226977146580
0.00000446226977146580
0.00000401604279431922
0.00000446226977146580
0.00000401604279431922
0.00000446226977146580
0.00000446226977146580
0.00000803208536126476
0.00000356981581717264
0.00000401604279431922
0.00000401604279431922
0.00000401604279431922
0.00000892453954293160
0.00000446226954409212
0.00000490849674861238
0.00000401604279431922
0.00000356981581717264
0.00000401604279431922
0.00000401604279431922
0.00000446226977146580
0.00000446226977146580
0.00000401604279431922
0.00000401604279431922
0.00000446226977146580
0.00000401604256694554
0.00000401604279431922
0.00000446226977146580
0.00000490849652123870
0.00000401604279431922
0.00000446226977146580
0.00000356981581717264
0.00000446226977146580
0.00000401604279431922
0.00000401604279431922
0.00000535472372575896
0.00000401604279431922
0.00000624717768005212
0.00000401604279431922
0.00000401604279431922
0.00000758585861149186
0.00000401604256694554
0.00000446226977146580
0.00000446226977146580
0.00000401604279431922
0.00000401604279431922
0.00000446226977146580
0.00000401604279431922
0.00000401604256694554
0.00000446226977146580
0.00000446226977146580
0.00000401604256694554
0.00000490849652123870
0.00000401604279431922
0.00000401604279431922
0.00000446226977146580
0.00000446226977146580
0.00000446226977146580
0.00000401604279431922
0.00000401604279431922
0.00000401604279431922
0.00000401604279431922
0.00000401604279431922
0.00000446226977146580
0.00000847831233841134
0.00000401604256694554
0.00000401604279431922
0.00000401604256694554
0.00000401604279431922
0.00000401604279431922
0.00000401604279431922
0.00000446226977146580
0.00000401604279431922
0.00000401604279431922
0.00000401604279431922
0.00000401604279431922
0.00000446226977146580
0.00000401604256694554
0.00000758585861149186
0.00000401604279431922
0.00000803208558863844
0.00000535472372575896
0.00000401604279431922
0.00000401604279431922
0.00000803208558863844
0.00000401604256694554
0.00000401604279431922
0.00000758585861149186
0.00000713963140697160
0.00000580095070290554
0.00000401604279431922
0.00000446226977146580
0.00000401604279431922
0.00000847831233841134
0.00000580095070290554
0.00000624717722530477
0.00000669340442982502
0.00000356981581717264
0.00000446227022621315
0.00000535472463525366
0.00000624717722530477
0.00000401604302169289
0.00000446226840722375
0.00000624717904429417
0.00000981699486146681
0.00000669340442982502
0.00000401604120270349
0.00000446226840722375
0.00000401604302169289
0.00000401604302169289
0.00000401604302169289
0.00000401604302169289
0.00000446227022621315
0.00000401604302169289
0.00000446227022621315
0.00000669340442982502
0.00000446226840722375
0.00000401604120270349
0.00000580095183977392
0.00000937076765694655
0.00000446226840722375
0.00000401604302169289
0.00000446226840722375
0.00000624717904429417
0.00000892453863343690
0.00000356981581717264
0.00000401604302169289
0.00000401604302169289
0.00000401604302169289
0.00000401604302169289
0.00000401604302169289
0.00000401604302169289
0.00000401604120270349
0.00000446227022621315
0.00000446227022621315
0.00000401604302169289
0.00000401604302169289
0.00000446226840722375
0.00000803208604338579
0.00000401604302169289
0.00000446226840722375
0.00000401604302169289
0.00000624717722530477
0.00000580095002078451
0.00000401604302169289
0.00000356981581717264
0.00000401604302169289
0.00000401604120270349
0.00000401604302169289
0.00000446226840722375
0.00000401604120270349
0.00000490849743073341
0.00000535472281626426
0.00000401604302169289
0.00000446226840722375
0.00000401604302169289
0.00000401604120270349
0.00000401604302169289
0.00000401604302169289
0.00000401604302169289
0.00000446226840722375
0.00000401604302169289
0.00000356981581717264
0.00000401604302169289
0.00000356981581717264
0.00000401604302169289
0.00000401604302169289
0.00000401604120270349
0.00000401604302169289
0.00000401604302169289
0.00000401604302169289
0.00000401604302169289
0.00000401604302169289
0.00000401604302169289
0.00000401604302169289
0.00000401604302169289
0.00000446227022621315
0.00000847831324790604
0.00000580095183977392
0.00000847831142891664
0.00000758585883886553
0.00000758585883886553
0.00000401604120270349
0.00000401604302169289
0.00000401604302169289
0.00000401604302169289
0.00000401604302169289
0.00000401604302169289
0.00000981699486146681
0.00000401604302169289
0.00000401604302169289
0.00000713963163434528
0.00000401604302169289
0.00000401604302169289
0.00000401604120270349
0.00000446226840722375
0.00000401604302169289
0.00000401604302169289
0.00000401604302169289
0.00000401604302169289
0.00000401604302169289
0.00000446227022621315
0.00000446226840722375
0.00000401604302169289
0.00000624717722530477
0.00000401604302169289
0.00000401604302169289
0.00000446227022621315
