0.00000847831245209818
0.00000446226965777896
0.00000356981570348580
0.00000401604268063238
0.00000624717768005212
0.00000446226965777896
0.00000401604268063238
0.00000446226977146580
0.00000446226965777896
0.00000446226965777896
0.00000401604268063238
0.00000446226977146580
0.00000446226977146580
0.00000401604279431922
0.00000446226977146580
0.00000446226977146580
0.00000401604279431922
0.00000446226965777896
0.00000446226965777896
0.00000401604279431922
0.00000401604268063238
0.00000401604279431922
0.00000356981581717264
0.00000803208547495160
0.00000490849674861238
0.00000803208547495160
0.00000446226977146580
0.00000401604279431922
0.00000401604279431922
0.00000401604268063238
0.00000446226965777896
0.00000401604268063238
0.00000401604268063238
0.00000446226965777896
0.00000401604279431922
0.00000446226977146580
0.00000401604268063238
0.00000401604279431922
0.00000847831256578502
0.00000446226977146580
0.00000446226977146580
0.00000401604268063238
0.00000401604279431922
0.00000401604279431922
0.00000401604279431922
0.00000446226977146580
0.00000356981581717264
0.00000446226965777896
0.00000401604279431922
0.00000401604279431922
0.00000401604268063238
0.00000401604268063238
0.00000535472372575896
0.00000401604268063238
0.00000446226965777896
0.00000446226977146580
0.00000446226965777896
0.00000356981581717264
0.00000535472372575896
0.00000669340465719870
0.00000401604279431922
0.00000446226977146580
0.00000446226977146580
0.00000446226977146580
0.00000401604268063238
0.00000446226977146580
0.00000401604268063238
0.00000535472372575896
0.00000401604268063238
0.00000401604279431922
0.00000446226977146580
0.00000401604279431922
0.00000446226965777896
0.00000446226977146580
0.00000446226965777896
0.00000401604279431922
0.00000446226977146580
0.00000446226965777896
0.00000401604268063238
0.00000669340465719870
0.00000401604279431922
0.00000624717756636528
0.00000401604279431922
0.00000401604268063238
0.00000446226977146580
0.00000401604268063238
0.00000446226977146580
0.00000401604279431922
0.00000401604268063238
0.00000446226965777896
0.00000401604279431922
0.00000937076640639134
0.00000401604268063238
0.00000446226965777896
0.00000401604279431922
0.00000669340465719870
0.00000490849663492554
0.00000401604279431922
0.00000401604279431922
0.00000446226965777896
0.00000624717756636528
0.00000401604279431922
0.00000446226965777896
0.00000401604268063238
0.00000401604279431922
0.00000401604279431922
0.00000401604279431922
0.00000401604279431922
0.00000446226965777896
0.00000401604268063238
0.00000446226977146580
0.00000401604279431922
0.00000490849674861238
0.00000401604268063238
0.00000401604279431922
0.00000401604268063238
0.00000624717756636528
0.00000401604279431922
0.00000446226977146580
0.00000401604268063238
0.00000401604279431922
0.00000401604268063238
0.00000401604279431922
0.00000401604279431922
0.00000446226965777896
0.00000401604279431922
0.00000401604279431922
0.00000401604279431922
0.00000401604279431922
0.00000401604279431922
0.00000401604268063238
0.00000401604279431922
0.00000446226965777896
0.00000446226965777896
0.00000401604268063238
0.00000446226965777896
0.00000401604268063238
0.00000446226977146580
0.00000401604279431922
0.00000401604268063238
0.00000446226977146580
0.00000446226977146580
0.00000401604279431922
0.00000401604268063238
0.00000401604279431922
0.00000446226965777896
0.00000401604268063238
0.00000401604279431922
0.00000446226977146580
0.00000446226977146580
0.00000446226977146580
0.00000401604279431922
0.00000401604279431922
0.00000356981581717264
0.00000401604268063238
0.00000401604279431922
0.00000446226965777896
0.00000401604279431922
0.00000401604279431922
0.00000446226977146580
0.00000401604268063238
0.00000490849674861238
0.00000401604279431922
0.00000401604268063238
0.00000490849663492554
0.00000401604268063238
0.00000446226965777896
0.00000446226977146580
0.00000446226977146580
0.00000401604279431922
0.00000446226977146580
0.00000446226965777896
0.00000401604279431922
0.00000446226965777896
0.00001026322036068450
0.00000446226965777896
0.00000401604268063238
0.00000401604268063238
0.00000937076640639134
0.00000446226977146580
0.00000446226977146580
0.00000401604268063238
0.00000446226965777896
0.00000401604279431922
0.00000446226977146580
0.00000401604268063238
0.00000446226965777896
0.00000401604268063238
0.00000446226965777896
0.00000401604279431922
0.00000356981581717264
0.00000401604268063238
0.00000401604268063238
0.00000713963152065844
0.00000401604268063238
0.00000401604279431922
0.00000401604279431922
0.00000401604279431922
0.00000401604268063238
0.00000446226977146580
0.00000401604268063238
0.00000401604268063238
0.00000401604279431922
0.00000356981570348580
0.00000446226977146580
0.00000446226965777896
0.00000446226977146580
0.00000446226965777896
0.00000401604279431922
0.00000446226977146580
0.00000401604268063238
0.00000446226977146580
0.00000401604279431922
0.00000401604279431922
0.00000446226965777896
0.00000401604268063238
0.00000847831245209818
0.00000401604279431922
0.00000446226965777896
0.00000401604279431922
0.00000446226977146580
0.00000401604268063238
0.00000401604268063238
0.00000401604279431922
0.00000356981581717264
0.00000490849663492554
0.00000401604268063238
0.00000401604279431922
0.00000401604279431922
0.00000580095070290554
0.00000624717756636528
0.00000580095070290554
0.00000624717768005212
0.00000624717756636528
0.00000669340465719870
0.00000669340465719870
0.00000624717768005212
0.00000624717756636528
0.00000624717768005212
0.00000624717768005212
0.00000624717756636528
0.00000446226965777896
0.00000490849674861238
0.00000937076640639134
0.00000446226977146580
0.00000446226977146580
0.00000446226977146580
0.00000446226977146580
0.00000401604279431922
0.00000401604268063238
0.00000624717756636528
0.00000401604279431922
0.00000401604268063238
0.00000446226977146580
0.00000401604279431922
0.00000401604279431922
0.00000446226965777896
0.00000446226977146580
0.00000446226965777896
0.00000401604279431922
0.00000446226965777896
0.00000401604279431922
0.00000535472361207212
0.00000446226965777896
0.00000446226977146580
0.00000401604268063238
0.00000446226977146580
0.00000401604268063238
0.00000356981570348580
0.00000401604279431922
0.00000401604279431922
0.00000446226977146580
0.00000446226965777896
0.00000713963163434528
0.00000669340465719870
0.00000446226965777896
0.00000446226977146580
0.00000446226965777896
0.00000401604279431922
0.00000401604279431922
0.00000446226965777896
0.00000803208547495160
0.00000401604268063238
0.00000446226977146580
0.00000401604279431922
0.00000356981581717264
0.00000446226965777896
0.00000446226977146580
0.00000401604279431922
0.00000446226977146580
0.00000401604279431922
0.00000490849674861238
0.00000401604279431922
0.00000401604268063238
0.00000446226977146580
0.00000401604279431922
0.00000401604279431922
0.00000401604279431922
0.00000446226977146580
0.00000401604279431922
0.00000446226977146580
0.00000401604279431922
0.00000446226977146580
0.00000401604279431922
0.00000580095058921870
0.00000401604279431922
0.00000401604268063238
0.00000535472361207212
0.00000446226977146580
0.00000401604279431922
0.00000446226965777896
0.00000446226977146580
0.00000401604268063238
0.00000401604268063238
0.00000490849663492554
0.00000401604268063238
0.00000401604279431922
0.00000580095058921870
0.00000401604268063238
0.00000401604268063238
0.00000446226977146580
0.00000758585849780502
0.00000401604268063238
0.00000446226977146580
0.00000401604268063238
0.00000401604279431922
0.00000446226977146580
0.00000401604279431922
0.00000446226977146580
0.00000446226965777896
0.00000401604279431922
0.00000401604279431922
0.00000401604268063238
0.00000490849674861238
0.00000446226977146580
0.00000446226977146580
0.00000401604279431922
0.00000401604279431922
0.00000401604268063238
0.00000580095070290554
0.00000446226965777896
0.00000490849663492554
0.00000446226977146580
0.00000446226965777896
0.00000981699338353792
0.00000446226965777896
0.00000401604268063238
0.00000401604268063238
0.00000446226977146580
0.00000446226965777896
0.00000803208547495160
0.00000401604268063238
0.00000446226965777896
0.00000401604279431922
0.00000892453942924476
0.00000401604268063238
0.00000892453942924476
0.00000401604268063238
0.00000401604279431922
0.00000446226977146580
0.00000446226977146580
0.00000446226977146580
0.00000401604279431922
0.00000446226965777896
0.00000401604279431922
0.00000446226977146580
0.00000401604279431922
0.00000446226965777896
0.00000446226977146580
0.00000401604268063238
0.00000446226965777896
0.00000401604279431922
0.00000446226977146580
