0.00000937076640639134
0.00000981699338353792
0.00000981699338353792
0.00000937076640639134
0.00001070944733783108
0.00000803208558863844
0.00003168211503634666
0.00000847831245209818
0.00000981699349722476
0.00000847831245209818
0.00000892453942924476
0.00000981699338353792
0.00001026322036068450
0.00000981699338353792
0.00001249435524641740
0.00000937076640639134
0.00000847831245209818
0.00000847831245209818
0.00000981699338353792
0.00000981699338353792
0.00000847831245209818
0.00000892453954293160
0.00000937076640639134
0.00001026322036068450
0.00000981699349722476
0.00001561794408644346
0.00000981699338353792
0.00000937076640639134
0.00000847831245209818
0.00001026322036068450
0.00001026322036068450
0.00000847831245209818
0.00000937076640639134
0.00000981699349722476
0.00000981699338353792
0.00000937076640639134
0.00000937076640639134
0.00000937076640639134
0.00000937076640639134
0.00001026322036068450
0.00000847831245209818
0.00000937076652007818
0.00000937076640639134
0.00000892453942924476
0.00000892453942924476
0.00000892453954293160
0.00000847831256578502
0.00001026322036068450
0.00001026322036068450
0.00001026322036068450
0.00000937076640639134
0.00001026322036068450
0.00001070944733783108
0.00000892453942924476
0.00001204812826927082
0.00001026322036068450
0.00000981699338353792
0.00001160190129212424
0.00000937076652007818
0.00001026322036068450
0.00000981699338353792
0.00000937076640639134
0.00000937076640639134
0.00000981699338353792
0.00001026322036068450
0.00000937076652007818
0.00000937076652007818
0.00000981699338353792
0.00000847831245209818
0.00001249435524641740
0.00000847831245209818
0.00000981699338353792
0.00000937076652007818
0.00000937076652007818
0.00000892453931555792
0.00000937076652007818
0.00000892453931555792
0.00000892453931555792
0.00001070944745151792
0.00000981699326985108
0.00000981699349722476
0.00000981699349722476
0.00000847831233841134
0.00001338680931439740
0.00000937076652007818
0.00000937076652007818
0.00000937076629270450
0.00000981699326985108
0.00001070944745151792
0.00000937076652007818
0.00000981699326985108
0.00000981699349722476
0.00000981699349722476
0.00000892453954293160
0.00001026322024699766
0.00000847831256578502
0.00000937076652007818
0.00000981699326985108
0.00000981699349722476
0.00000981699326985108
0.00000981699326985108
0.00000981699349722476
0.00000892453931555792
0.00000981699326985108
0.00000937076652007818
0.00000937076652007818
0.00001115567442866450
0.00000892453931555792
0.00000847831256578502
0.00000981699349722476
0.00000937076652007818
0.00001026322047437134
0.00000981699326985108
0.00000981699349722476
0.00000892453931555792
0.00000937076629270450
0.00000981699326985108
0.00000937076652007818
0.00000847831233841134
0.00001160190117843740
0.00000981699326985108
0.00000892453954293160
0.00000937076652007818
0.00000892453954293160
0.00000937076629270450
0.00001115567442866450
0.00000803208558863844
0.00000892453954293160
0.00000803208558863844
0.00000937076629270450
0.00000981699349722476
0.00001160190117843740
0.00000937076629270450
0.00000937076629270450
0.00000937076652007818
0.00000981699349722476
0.00001026322024699766
0.00000981699349722476
0.00001160190140581108
0.00000847831256578502
0.00000937076629270450
0.00000981699326985108
0.00000937076629270450
0.00000981699349722476
0.00000892453954293160
0.00000981699349722476
0.00000981699349722476
0.00000892453931555792
0.00001115567420129082
0.00000847831233841134
0.00000981699326985108
0.00001249435513273056
0.00000847831233841134
0.00000892453954293160
0.00000937076652007818
0.00001026322024699766
0.00000937076652007818
0.00000847831233841134
0.00000847831256578502
0.00000937076652007818
0.00000937076652007818
0.00001026322024699766
0.00000937076652007818
0.00000981699349722476
0.00000981699349722476
0.00000937076652007818
0.00000937076629270450
0.00000937076652007818
0.00001070944745151792
0.00000847831256578502
0.00000937076629270450
0.00000847831256578502
0.00001026322024699766
0.00000937076652007818
0.00000937076629270450
0.00000981699326985108
0.00000981699349722476
0.00001070944745151792
0.00001160190140581108
0.00000981699326985108
0.00000937076652007818
0.00001070944722414424
0.00000937076629270450
0.00001026322024699766
0.00000937076652007818
0.00000892453931555792
0.00000981699326985108
0.00001026322024699766
0.00001026322024699766
0.00000937076652007818
0.00000937076652007818
0.00001026322024699766
0.00000937076652007818
0.00000981699349722476
0.00001026322047437134
0.00000981699349722476
0.00001026322047437134
0.00000892453954293160
0.00000981699326985108
0.00000981699326985108
0.00000847831233841134
0.00001249435513273056
0.00000937076652007818
0.00000892453931555792
0.00000847831256578502
0.00000981699349722476
0.00000981699326985108
0.00000981699326985108
0.00000981699326985108
0.00000981699349722476
0.00001115567442866450
0.00000981699326985108
0.00000981699349722476
0.00000847831256578502
0.00000892453954293160
0.00000937076652007818
0.00000981699326985108
0.00000981699349722476
0.00000981699349722476
0.00000937076652007818
0.00000937076629270450
0.00000981699349722476
0.00001070944745151792
0.00000981699326985108
0.00000937076652007818
0.00000981699349722476
0.00000892453954293160
0.00000937076652007818
0.00001026322024699766
0.00000937076652007818
0.00000847831256578502
0.00000937076652007818
0.00000981699326985108
0.00001160190117843740
0.00000892453954293160
0.00000847831256578502
0.00000981699326985108
0.00000937076629270450
0.00000981699349722476
0.00000981699326985108
0.00000981699349722476
0.00001026322024699766
0.00001160190117843740
0.00000847831233841134
0.00000981699326985108
0.00000981699326985108
0.00000981699326985108
0.00000937076652007818
0.00000937076652007818
0.00000981699349722476
0.00000892453954293160
0.00000981699326985108
0.00000981699349722476
0.00001115567442866450
0.00000937076652007818
0.00000981699326985108
0.00000981699349722476
0.00000847831233841134
0.00001026322047437134
0.00000937076629270450
0.00000937076652007818
0.00000713963163434528
0.00000981699326985108
0.00001026322024699766
0.00000937076652007818
0.00000847831233841134
0.00000981699349722476
0.00000847831233841134
0.00001026322047437134
0.00000937076652007818
0.00000981699326985108
0.00001204812838295766
0.00001070944745151792
0.00000981699349722476
0.00001026322047437134
0.00000981699326985108
0.00001026322047437134
0.00000981699326985108
0.00000803208536126476
0.00000937076652007818
0.00001026322024699766
0.00000937076629270450
0.00000847831233841134
0.00000981699326985108
0.00001026322024699766
0.00000847831233841134
0.00000981699326985108
0.00000937076652007818
0.00000937076629270450
0.00000981699349722476
0.00000981699349722476
0.00000937076629270450
0.00000847831256578502
0.00000981699349722476
0.00000937076652007818
0.00000937076652007818
0.00000937076629270450
0.00000847831256578502
0.00000847831233841134
0.00000981699349722476
0.00000981699349722476
0.00001070944745151792
0.00000892453931555792
0.00001026322024699766
0.00000981699326985108
0.00000892453954293160
0.00000937076652007818
0.00000937076629270450
0.00000981699349722476
0.00000892453931555792
0.00000981699349722476
0.00000937076629270450
0.00000847831256578502
0.00000981699349722476
0.00000937076652007818
0.00001070944722414424
0.00001026322047437134
0.00000937076652007818
0.00001026322024699766
0.00000803208536126476
0.00001026322024699766
0.00000981699349722476
0.00000803208536126476
0.00001115567420129082
0.00000981699326985108
0.00000847831256578502
0.00000937076652007818
0.00001160190140581108
0.00001026322047437134
0.00000981699326985108
0.00000937076629270450
0.00000981699326985108
0.00000937076652007818
0.00000981699349722476
0.00000937076629270450
0.00000937076629270450
0.00001070944722414424
0.00000981699326985108
0.00000981699326985108
0.00000803208558863844
0.00001026322024699766
0.00000937076629270450
0.00001026322047437134
0.00000892453954293160
0.00000937076652007818
0.00001026322047437134
0.00000981699326985108
0.00000937076629270450
0.00000937076652007818
0.00000937076652007818
0.00000981699326985108
0.00001026322024699766
0.00000847831233841134
0.00000937076652007818
0.00000847831256578502
0.00001070944722414424
0.00003346702283124614
0.00000892453954293160
0.00000937076652007818
0.00000803208558863844
0.00000892453931555792
0.00000937076652007818
0.00000981699326985108
0.00000981699349722476
0.00000892453954293160
0.00000937076629270450
0.00000937076629270450
0.00001338680908702372
0.00000981699349722476
0.00000981699349722476
0.00000981699349722476
0.00000937076629270450
0.00000981699326985108
