0.00002766607229887086
0.00003168211509319008
0.00003837551963670194
0.00007764349322769704
0.00003302079596778640
0.00002677361840142112
0.00002811229921917402
0.00005800950640377778
0.00003212834201349324
0.00003257456899063982
0.00002900475317346718
0.00007541235839880756
0.00003391324986523614
0.00003569815783066588
0.00003569815783066588
0.00003212834201349324
0.00002632739136743112
0.00002588116439028454
0.00003212834207033666
0.00002632739136743112
0.00002855852625316402
0.00003123588805920008
0.00003168211503634666
0.00003212834201349324
0.00003168211503634666
0.00002588116439028454
0.00002900475323031060
0.00003302079596778640
0.00003168211503634666
0.00003346702294493298
0.00002454248351568822
0.00003123588811604350
0.00003078966108205350
0.00003302079596778640
0.00003257456899063982
0.00002721984532172428
0.00002588116439028454
0.00002855852625316402
0.00002900475317346718
0.00003257456899063982
0.00003480570381952930
0.00002721984532172428
0.00003078966108205350
0.00002543493741313796
0.00002945098020745718
0.00002945098015061376
0.00002588116439028454
0.00002588116439028454
0.00002766607229887086
0.00002766607229887086
0.00003123588805920008
0.00002945098020745718
0.00002811229927601744
0.00003123588805920008
0.00002811229927601744
0.00003123588805920008
0.00002989720718460376
0.00003078966113889692
0.00003034343410490692
0.00002632739136743112
0.00002989720712776034
0.00003257456899063982
0.00003435947684238272
0.00003034343416175034
0.00002989720712776034
0.00003257456899063982
0.00003078966113889692
0.00002855852625316402
0.00003346702294493298
0.00003346702294493298
0.00002989720712776034
0.00003123588805920008
0.00003168211503634666
0.00002811229927601744
0.00003123588811604350
0.00003212834201349324
0.00002543493741313796
0.00002721984532172428
0.00003078966108205350
0.00002989720718460376
0.00002900475323031060
0.00002498871049283480
0.00003078966108205350
0.00002677361834457770
0.00002811229927601744
0.00003123588805920008
0.00002498871049283480
0.00003123588805920008
0.00003926797359099510
0.00002855852619632060
0.00002543493741313796
0.00002677361834457770
0.00003257456899063982
0.00003435947689922614
0.00003346702294493298
0.00002632739136743112
0.00003257456899063982
0.00002900475317346718
0.00002811229927601744
0.00002588116444712796
0.00002632739136743112
0.00002677361834457770
0.00003302079596778640
0.00002989720718460376
0.00003034343416175034
0.00002677361834457770
0.00002543493741313796
0.00003078966108205350
0.00002945098020745718
0.00003212834201349324
0.00002945098015061376
0.00003034343410490692
0.00002498871049283480
0.00002588116439028454
0.00003078966108205350
0.00003212834207033666
0.00003078966108205350
0.00002721984532172428
0.00003078966108205350
0.00002900475323031060
0.00003123588805920008
0.00003123588805920008
0.00003123588805920008
0.00002543493741313796
0.00003168211503634666
0.00003123588811604350
0.00003123588805920008
0.00002766607229887086
0.00003078966113889692
0.00002543493741313796
0.00003168211503634666
0.00002855852625316402
0.00002543493746998138
0.00003034343410490692
0.00002588116439028454
0.00002588116439028454
0.00003078966108205350
0.00003257456899063982
0.00003212834201349324
0.00002454248351568822
0.00002811229927601744
0.00002855852619632060
0.00002811229921917402
0.00002543493746998138
0.00002543493741313796
0.00003123588811604350
0.00002543493741313796
0.00002900475323031060
0.00003212834201349324
0.00002543493741313796
0.00002677361834457770
0.00002588116439028454
0.00002677361834457770
0.00002632739136743112
0.00002721984532172428
0.00003257456899063982
0.00002498871043599138
0.00002945098015061376
0.00003168211503634666
0.00002989720712776034
0.00002498871049283480
0.00002543493746998138
0.00003078966108205350
0.00002811229921917402
0.00002945098020745718
0.00003034343416175034
0.00003078966108205350
0.00002945098015061376
0.00002498871043599138
0.00002498871043599138
0.00002945098015061376
0.00003168211503634666
0.00002945098015061376
0.00002632739136743112
0.00002677361834457770
0.00002454248351568822
0.00002900475317346718
0.00003123588805920008
0.00003078966108205350
0.00003078966113889692
0.00002900475317346718
0.00003212834201349324
0.00003302079596778640
0.00002588116439028454
0.00003212834201349324
0.00003123588811604350
0.00002543493746998138
0.00003302079596778640
0.00003123588805920008
0.00002498871043599138
0.00002632739142427454
0.00003078966108205350
0.00002498871043599138
0.00002855852619632060
0.00002677361834457770
0.00003078966108205350
0.00003212834201349324
0.00002855852625316402
0.00003078966113889692
0.00003034343416175034
0.00003480570381952930
0.00002632739136743112
0.00003078966108205350
0.00003168211509319008
0.00002543493741313796
0.00002632739136743112
0.00003034343410490692
0.00002588116439028454
0.00002543493741313796
0.00003257456899063982
0.00003212834201349324
0.00002588116439028454
0.00003034343416175034
0.00002989720712776034
0.00003212834201349324
0.00003302079596778640
0.00002811229927601744
0.00002989720712776034
0.00003302079596778640
0.00002498871043599138
0.00003302079591094298
0.00002811229927601744
0.00002498871049283480
0.00002989720718460376
0.00002945098015061376
0.00002811229921917402
0.00002945098020745718
0.00003078966108205350
0.00003168211509319008
0.00002989720718460376
0.00002588116444712796
0.00003078966108205350
0.00003078966108205350
0.00002498871043599138
0.00002543493746998138
0.00003034343416175034
0.00002766607229887086
0.00002543493746998138
0.00002632739136743112
0.00002632739142427454
0.00002721984532172428
0.00002588116439028454
0.00003302079596778640
0.00002498871043599138
0.00003034343416175034
0.00003078966113889692
0.00002454248351568822
0.00002454248351568822
0.00002900475317346718
0.00002766607229887086
0.00002945098015061376
0.00002543493741313796
0.00003168211503634666
0.00003168211503634666
0.00003168211503634666
0.00003302079596778640
0.00002721984532172428
0.00003792929265955536
0.00002543493746998138
0.00002543493741313796
0.00003302079596778640
0.00002855852625316402
0.00003123588805920008
0.00002900475323031060
0.00002721984532172428
0.00002588116439028454
0.00003034343416175034
0.00003078966108205350
0.00002543493741313796
0.00003078966108205350
0.00003346702294493298
0.00002454248345884480
0.00002632739136743112
0.00002543493741313796
0.00003257456899063982
0.00002454248351568822
0.00003078966113889692
0.00003212834201349324
0.00003034343416175034
0.00002989720712776034
0.00003034343410490692
0.00003168211503634666
0.00003257456899063982
0.00002855852625316402
0.00002989720712776034
0.00002945098020745718
0.00002632739136743112
0.00003123588811604350
0.00002855852625316402
0.00002900475323031060
0.00003212834201349324
0.00003302079596778640
0.00003302079596778640
0.00003078966108205350
0.00002766607229887086
0.00002766607229887086
0.00002900475317346718
0.00002855852619632060
0.00002498871043599138
0.00002811229927601744
0.00003168211503634666
0.00002632739136743112
0.00002811229921917402
0.00002989720718460376
0.00002543493741313796
0.00002677361834457770
0.00002945098015061376
0.00002989720712776034
0.00002632739136743112
0.00002677361834457770
0.00003168211503634666
0.00003168211503634666
0.00003257456899063982
0.00002989720718460376
0.00003034343416175034
0.00003257456899063982
0.00002543493746998138
0.00003391324986523614
0.00002855852625316402
0.00003078966113889692
0.00003168211503634666
0.00002900475323031060
0.00002811229927601744
0.00002811229927601744
0.00002543493741313796
0.00002945098020745718
0.00003034343410490692
0.00003257456899063982
0.00002543493741313796
0.00003078966113889692
0.00003078966108205350
0.00003168211503634666
0.00002811229921917402
0.00003391324986523614
0.00002721984532172428
0.00003257456899063982
0.00003034343416175034
0.00003435947689922614
0.00002409625653854164
0.00003257456899063982
0.00002766607229887086
0.00002588116439028454
0.00004016042748844484
0.00002989720712776034
0.00002855852619632060
0.00003168211503634666
0.00003168211503634666
0.00003435947684238272
0.00003168211509319008
0.00003212834201349324
0.00002632739136743112
0.00002855852619632060
0.00003078966108205350
0.00002855852619632060
0.00003123588805920008
0.00002811229927601744
0.00002588116439028454
0.00003034343410490692
0.00003257456899063982
0.00003034343410490692
0.00002900475323031060
0.00002588116439028454
0.00002677361834457770
0.00003034343416175034
0.00002588116444712796
0.00006961140769590202
0.00002811229927601744
0.00003212834201349324
0.00003257456899063982
0.00002632739136743112
0.00002811229927601744
0.00003168211503634666
0.00002811229927601744
