0.00000535472366891554
0.00000401604273747580
0.00000401604273747580
0.00000446226971462238
0.00000446226974304409
0.00000446226971462238
0.00000401604276589751
0.00000446226974304409
0.00000446226971462238
0.00000446226974304409
0.00000669340460035528
0.00000446226974304409
0.00000446226974304409
0.00000446226974304409
0.00000401604276589751
0.00000446226971462238
0.00000624717759478699
0.00000713963157750186
0.00000401604273747580
0.00000446226974304409
0.00000401604276589751
0.00000401604276589751
0.00000446226971462238
0.00001026322038910621
0.00000490849672019067
0.00000401604273747580
0.00000446226971462238
0.00000401604276589751
0.00000401604273747580
0.00000446226974304409
0.00000401604276589751
0.00000624717762320870
0.00000446226971462238
0.00000446226974304409
0.00000446226971462238
0.00000847831248051989
0.00000847831248051989
0.00000401604276589751
0.00000401604276589751
0.00000401604273747580
0.00000446226971462238
0.00000401604276589751
0.00000401604276589751
0.00000446226971462238
0.00000401604276589751
0.00000490849669176896
0.00000758585852622673
0.00000446226971462238
0.00000401604276589751
0.00000401604276589751
0.00000401604273747580
0.00000401604273747580
0.00000401604276589751
0.00000803208550337331
0.00000446226974304409
0.00000401604276589751
0.00000446226974304409
0.00000446226974304409
0.00000401604276589751
0.00000356981576032922
0.00000446226971462238
0.00000401604273747580
0.00000401604273747580
0.00000446226971462238
0.00000401604276589751
0.00000669340460035528
0.00000446226971462238
0.00000446226974304409
0.00000490849669176896
0.00000446226974304409
0.00000401604276589751
0.00000490849669176896
0.00000446226974304409
0.00000446226971462238
0.00000401604276589751
0.00000401604276589751
0.00000446226974304409
0.00000401604273747580
0.00000401604273747580
0.00000490849669176896
0.00000490849669176896
0.00000446226971462238
0.00000446226971462238
0.00000401604276589751
0.00000446226971462238
0.00000490849669176896
0.00000446226971462238
0.00000401604273747580
0.00000446226974304409
0.00000446226974304409
0.00000803208550337331
0.00000401604273747580
0.00000446226971462238
0.00000490849672019067
0.00000580095064606212
0.00000669340460035528
0.00000580095061764041
0.00000624717759478699
0.00000446226971462238
0.00000446226971462238
0.00000401604273747580
0.00000446226971462238
0.00000401604276589751
0.00000446226971462238
0.00000446226971462238
0.00000446226974304409
0.00000446226974304409
0.00000624717759478699
0.00000356981578875093
0.00000356981578875093
0.00000446226971462238
0.00000401604276589751
0.00000490849669176896
0.00000401604273747580
0.00000401604276589751
0.00000401604273747580
0.00000401604273747580
0.00000401604276589751
0.00000446226971462238
0.00000446226971462238
0.00000446226971462238
0.00000624717759478699
0.00000401604276589751
0.00000401604276589751
0.00000401604276589751
0.00000446226971462238
0.00000937076640639134
0.00000401604273747580
0.00000490849669176896
0.00000624717762320870
0.00000401604273747580
0.00000446226974304409
0.00000446226974304409
0.00000535472366891554
0.00000446226971462238
0.00000401604276589751
0.00000401604273747580
0.00000401604273747580
0.00000490849669176896
0.00000401604276589751
0.00000446226974304409
0.00000401604276589751
0.00000401604276589751
0.00000446226971462238
0.00000713963154908015
0.00000446226974304409
0.00000401604276589751
0.00000624717759478699
0.00000580095064606212
0.00000669340457193357
0.00000580095061764041
0.00000580095064606212
0.00000446226974304409
0.00000446226971462238
0.00000401604276589751
0.00000401604273747580
0.00000446226971462238
0.00000580095064606212
0.00000446226971462238
0.00000446226974304409
0.00000669340457193357
0.00000401604276589751
0.00000401604273747580
0.00000401604273747580
0.00000535472366891554
0.00000446226974304409
0.00000401604273747580
0.00000401604273747580
0.00000446226971462238
0.00000669340460035528
0.00000401604273747580
0.00000401604273747580
0.00000401604276589751
0.00000401604276589751
0.00000401604276589751
0.00000401604273747580
0.00000401604273747580
0.00000401604273747580
0.00000981699341195963
0.00000490849669176896
0.00000401604273747580
0.00000446226971462238
0.00000446226971462238
0.00000401604276589751
0.00000401604273747580
0.00000401604273747580
0.00000446226971462238
0.00000446226971462238
0.00000446226974304409
0.00000446226974304409
0.00000401604276589751
0.00000401604273747580
0.00000624717762320870
0.00000401604273747580
0.00000401604273747580
0.00000446226974304409
0.00000624717762320870
0.00000401604276589751
0.00000401604273747580
0.00000401604273747580
0.00000401604273747580
0.00000446226974304409
0.00000535472366891554
0.00000624717762320870
0.00000401604273747580
0.00000401604273747580
0.00000803208550337331
0.00000446226974304409
0.00000401604276589751
0.00000758585852622673
0.00000490849669176896
0.00000446226971462238
0.00000446226971462238
0.00000446226971462238
0.00000401604273747580
0.00000401604276589751
0.00000847831248051989
0.00000624717762320870
0.00000847831248051989
0.00000401604273747580
0.00000401604276589751
0.00000401604276589751
0.00000401604276589751
0.00000401604276589751
0.00000446226971462238
0.00000490849669176896
0.00000401604273747580
0.00000446226974304409
0.00000401604276589751
0.00000535472366891554
0.00000401604276589751
0.00000446226971462238
0.00000446226971462238
0.00000580095064606212
0.00000446226974304409
0.00000401604276589751
0.00000401604273747580
0.00000401604273747580
0.00000401604273747580
0.00000401604273747580
0.00000446226971462238
0.00000401604276589751
0.00000401604273747580
0.00000446226971462238
0.00000446226971462238
0.00000446226971462238
0.00000446226971462238
0.00000401604273747580
0.00000401604273747580
0.00000401604276589751
0.00000446226971462238
0.00000535472366891554
0.00000535472366891554
0.00000446226971462238
0.00000535472366891554
0.00000446226971462238
0.00000446226971462238
0.00000446226971462238
0.00000446226971462238
0.00000446226971462238
0.00000401604273747580
0.00000356981578875093
0.00000401604273747580
0.00000446226974304409
0.00000446226971462238
0.00000758585855464844
0.00000446226971462238
0.00000401604276589751
0.00000401604276589751
0.00000401604276589751
0.00000401604276589751
0.00000446226971462238
0.00000401604273747580
0.00000401604276589751
0.00000446226971462238
0.00000401604276589751
0.00000401604273747580
0.00000446226974304409
0.00000446226971462238
0.00000401604273747580
0.00000401604273747580
0.00000401604273747580
0.00000446226974304409
0.00000401604276589751
0.00000669340460035528
0.00000490849669176896
0.00000446226971462238
0.00000446226971462238
0.00000446226971462238
0.00000401604276589751
0.00000401604273747580
0.00000401604273747580
0.00000401604276589751
0.00000401604276589751
0.00000803208553179502
0.00000401604273747580
0.00000446226974304409
0.00000401604276589751
0.00000401604273747580
0.00000535472366891554
0.00000401604276589751
0.00000401604273747580
0.00000401604273747580
0.00000401604273747580
0.00000401604276589751
0.00000892453942924476
0.00000446226974304409
0.00000401604273747580
0.00000401604276589751
0.00000937076640639134
0.00000446226974304409
0.00000847831248051989
0.00000446226974304409
0.00000847831248051989
0.00000892453945766647
0.00000401604273747580
0.00000401604273747580
0.00000401604273747580
0.00000401604276589751
0.00000446226974304409
0.00000401604273747580
0.00000446226974304409
0.00000401604276589751
0.00000401604276589751
0.00000401604273747580
0.00000446226974304409
0.00000892453945766647
0.00000669340457193357
0.00000669340460035528
0.00000669340460035528
0.00000401604276589751
0.00000446226971462238
0.00000446226971462238
0.00000401604276589751
0.00000401604273747580
0.00000401604273747580
0.00000446226971462238
0.00000446226971462238
0.00000446226974304409
0.00000401604273747580
0.00000401604276589751
0.00000401604273747580
0.00000401604273747580
0.00000892453945766647
0.00000446226971462238
0.00000401604273747580
0.00000446226971462238
0.00000446226971462238
0.00000446226971462238
0.00000401604276589751
0.00000446226971462238
0.00000446226974304409
0.00000446226974304409
0.00000758585852622673
0.00000401604273747580
0.00000401604273747580
0.00000847831248051989
0.00000401604276589751
0.00000446226971462238
0.00000446226971462238
0.00000401604273747580
0.00000401604276589751
0.00000356981578875093
0.00000401604276589751
0.00000446226974304409
0.00000446226974304409
0.00000401604276589751
0.00000401604273747580
0.00000401604276589751
0.00000624717762320870
0.00000446226974304409
0.00000446226974304409
0.00000401604273747580
