0.00001115567420129082
0.00000847831233841134
0.00001338680908702372
0.00000847831233841134
0.00001026322024699766
0.00000892453954293160
0.00000847831233841134
0.00000847831256578502
0.00001338680931439740
0.00000892453954293160
0.00000803208536126476
0.00000847831256578502
0.00000847831256578502
0.00000803208558863844
0.00000803208536126476
0.00000892453931555792
0.00000803208558863844
0.00000803208558863844
0.00000847831256578502
0.00000803208558863844
0.00000803208558863844
0.00000713963163434528
0.00000981699349722476
0.00000847831256578502
0.00000847831256578502
0.00001160190140581108
0.00000803208558863844
0.00000803208558863844
0.00000892453954293160
0.00000758585838411818
0.00000803208558863844
0.00000892453931555792
0.00000803208558863844
0.00000803208558863844
0.00001249435536010424
0.00000847831256578502
0.00000847831233841134
0.00000758585861149186
0.00000892453954293160
0.00001070944745151792
0.00000847831233841134
0.00000847831233841134
0.00000803208536126476
0.00001160190117843740
0.00000803208536126476
0.00000847831256578502
0.00000847831256578502
0.00000847831256578502
0.00000892453954293160
0.00000758585838411818
0.00000758585861149186
0.00000803208558863844
0.00000803208558863844
0.00000803208558863844
0.00000758585838411818
0.00000803208558863844
0.00000847831256578502
0.00000847831256578502
0.00000847831256578502
0.00000803208558863844
0.00000847831233841134
0.00000758585838411818
0.00000803208536126476
0.00000892453954293160
0.00000892453931555792
0.00001026322024699766
0.00000847831233841134
0.00000847831256578502
0.00000847831256578502
0.00000758585861149186
0.00000803208558863844
0.00000847831256578502
0.00000892453954293160
0.00000847831233841134
0.00000847831256578502
0.00000803208558863844
0.00000847831256578502
0.00000892453931555792
0.00001204812838295766
0.00000803208536126476
0.00000758585861149186
0.00001338680908702372
0.00000803208558863844
0.00000847831233841134
0.00000803208558863844
0.00000847831233841134
0.00000847831256578502
0.00001294058233725082
0.00000892453954293160
0.00000892453954293160
0.00000803208536126476
0.00000847831256578502
0.00000892453931555792
0.00000847831256578502
0.00000803208536126476
0.00000758585861149186
0.00000803208558863844
0.00000803208558863844
0.00000847831256578502
0.00000892453931555792
0.00000847831256578502
0.00000847831233841134
0.00000847831256578502
0.00001249435513273056
0.00000847831233841134
0.00000803208558863844
0.00000847831233841134
0.00000937076652007818
0.00000803208558863844
0.00000803208536126476
0.00000803208536126476
0.00000803208558863844
0.00000847831256578502
0.00001160190140581108
0.00001070944722414424
0.00000803208558863844
0.00000803208536126476
0.00000847831233841134
0.00000937076652007818
0.00000847831233841134
0.00000892453931555792
0.00000803208536126476
0.00001115567420129082
0.00000803208558863844
0.00000847831256578502
0.00000803208558863844
0.00000981699326985108
0.00000847831233841134
0.00000758585861149186
0.00000892453954293160
0.00000758585861149186
0.00000803208536126476
0.00000847831233841134
0.00000847831233841134
0.00000847831256578502
0.00000847831256578502
0.00001026322024699766
0.00000803208558863844
0.00000758585861149186
0.00000803208558863844
0.00000892453931555792
0.00000758585861149186
0.00000981699349722476
0.00000892453954293160
0.00000847831256578502
0.00000758585861149186
0.00000803208558863844
0.00001026322024699766
0.00000847831256578502
0.00000758585861149186
0.00000847831256578502
0.00000758585861149186
0.00000803208536126476
0.00000892453954293160
0.00000892453931555792
0.00000803208558863844
0.00000847831233841134
0.00001115567442866450
0.00000803208558863844
0.00000803208536126476
0.00000847831233841134
0.00000847831256578502
0.00000847831233841134
0.00000803208536126476
0.00000847831233841134
0.00000803208558863844
0.00000803208558863844
0.00000847831233841134
0.00000892453931555792
0.00000803208536126476
0.00000847831233841134
0.00000803208536126476
0.00000803208536126476
0.00000803208558863844
0.00000803208536126476
0.00000803208558863844
0.00000803208536126476
0.00000803208558863844
0.00001204812815558398
0.00000847831256578502
0.00000803208536126476
0.00000758585838411818
0.00000803208558863844
0.00000803208558863844
0.00000758585838411818
0.00000758585838411818
0.00000803208558863844
0.00000803208558863844
0.00000803208536126476
0.00000803208558863844
0.00000803208558863844
0.00000847831256578502
0.00000803208536126476
0.00001427926326869056
0.00000847831256578502
0.00000803208536126476
0.00000847831256578502
0.00000803208558863844
0.00000847831256578502
0.00000847831256578502
0.00000803208558863844
0.00000847831233841134
0.00000937076629270450
0.00000847831256578502
0.00000847831233841134
0.00000758585838411818
0.00000758585861149186
0.00000847831256578502
0.00000847831256578502
0.00000803208558863844
0.00000803208536126476
0.00000803208536126476
0.00000803208558863844
0.00000892453954293160
0.00000803208536126476
0.00000803208558863844
0.00000892453954293160
0.00001070944745151792
0.00000892453931555792
0.00000847831233841134
0.00000847831256578502
0.00000758585861149186
0.00000803208536126476
0.00000892453931555792
0.00001294058210987714
0.00000847831256578502
0.00000803208558863844
0.00000803208536126476
0.00000803208536126476
0.00000803208558863844
0.00000892453954293160
0.00000847831256578502
0.00000803208558863844
0.00000847831233841134
0.00000758585861149186
0.00000847831256578502
0.00000803208536126476
0.00000847831256578502
0.00000847831256578502
0.00000892453954293160
0.00000847831233841134
0.00000847831256578502
0.00000803208558863844
0.00001294058233725082
0.00000713963140697160
0.00001026322024699766
0.00000981699326985108
0.00000803208536126476
0.00000758585838411818
0.00001294058233725082
0.00000981699349722476
0.00000803208536126476
0.00003212834189980640
0.00001160190117843740
0.00001026322024699766
0.00000803208536126476
0.00000758585861149186
0.00000847831233841134
0.00001517171699561004
0.00001070944722414424
0.00001070944745151792
0.00000981699304247741
0.00000847831142891664
0.00000803208422439639
0.00001070944745151792
0.00001115567465603817
0.00000847831324790604
0.00000758585883886553
0.00001026322024699766
0.00000847831142891664
0.00001115567283704877
0.00000803208604338579
0.00000803208604338579
0.00000847831324790604
0.00000803208422439639
0.00000803208604338579
0.00000892453863343690
0.00000803208422439639
0.00000892453863343690
0.00000892453863343690
0.00001026322024699766
0.00000803208604338579
0.00000803208604338579
0.00001026322024699766
0.00001070944745151792
0.00000892454045242630
0.00000847831324790604
0.00001160190186055843
0.00001026322024699766
0.00001115567465603817
0.00000803208604338579
0.00000847831324790604
0.00000892453863343690
0.00000847831142891664
0.00000803208604338579
0.00000847831142891664
0.00000758585883886553
0.00000803208604338579
0.00000892453863343690
0.00000803208604338579
0.00000803208604338579
0.00000892454045242630
0.00007318122334254440
0.00000803208604338579
0.00000847831142891664
0.00000803208604338579
0.00000892453863343690
0.00001070944563252851
0.00001026322024699766
0.00000847831324790604
0.00000758585883886553
0.00000803208604338579
0.00000803208604338579
0.00000892453863343690
0.00000803208604338579
0.00000892454045242630
0.00001204812724608928
0.00001026322024699766
0.00000847831142891664
0.00001651039747230243
0.00000803208604338579
0.00000803208604338579
0.00000847831324790604
0.00000847831324790604
0.00000937076765694655
0.00001026322024699766
0.00000847831324790604
0.00000803208604338579
0.00000847831324790604
0.00000847831324790604
0.00000847831142891664
0.00000847831142891664
0.00000847831324790604
0.00000847831142891664
0.00000803208604338579
0.00000803208422439639
0.00000803208604338579
0.00000758585701987613
0.00000803208422439639
0.00000892454045242630
0.00000847831324790604
0.00000758585701987613
0.00001026322024699766
0.00001204812724608928
0.00001204812906507868
0.00000847831142891664
0.00001204812906507868
0.00000892454045242630
0.00000847831324790604
0.00000847831142891664
0.00000847831324790604
0.00000847831324790604
0.00000803208422439639
0.00001026322024699766
0.00000892454045242630
0.00000758585883886553
0.00001160190004156902
0.00000803208604338579
0.00000847831142891664
0.00000892454045242630
0.00000892454045242630
0.00000847831324790604
0.00000758585883886553
0.00000803208604338579
0.00000803208422439639
0.00000803208604338579
0.00000758585883886553
0.00000847831324790604
0.00000847831324790604
0.00001249435626959894
0.00000981699304247741
0.00000803208422439639
0.00000758585883886553
