0.00000580095047553186
0.00000847831256578502
0.00000713963163434528
0.00000713963163434528
0.00000892453931555792
0.00000624717745267844
0.00000669340465719870
0.00000981699326985108
0.00000758585838411818
0.00000713963140697160
0.00000624717768005212
0.00000624717745267844
0.00000758585861149186
0.00000713963163434528
0.00000713963140697160
0.00000758585861149186
0.00000624717768005212
0.00000624717768005212
0.00000758585861149186
0.00000580095070290554
0.00000624717768005212
0.00000624717768005212
0.00000624717768005212
0.00000713963140697160
0.00000758585861149186
0.00000669340465719870
0.00000580095070290554
0.00000624717745267844
0.00000713963140697160
0.00000624717768005212
0.00000713963140697160
0.00000713963163434528
0.00001249435513273056
0.00000803208536126476
0.00000669340465719870
0.00000624717745267844
0.00000713963140697160
0.00000624717745267844
0.00000713963140697160
0.00001026322047437134
0.00000981699326985108
0.00000758585838411818
0.00000713963163434528
0.00000713963163434528
0.00000981699349722476
0.00000624717768005212
0.00000981699349722476
0.00000981699349722476
0.00000981699326985108
0.00000580095070290554
0.00000624717745267844
0.00000803208558863844
0.00000669340465719870
0.00000624717768005212
0.00001070944722414424
0.00000713963163434528
0.00000669340442982502
0.00000669340442982502
0.00000669340465719870
0.00000624717745267844
0.00000758585861149186
0.00001160190140581108
0.00000669340465719870
0.00000624717768005212
0.00000713963163434528
0.00000713963163434528
0.00000892453931555792
0.00000937076629270450
0.00001070944745151792
0.00000803208536126476
0.00000758585861149186
0.00000669340465719870
0.00000624717768005212
0.00000624717768005212
0.00000758585838411818
0.00000981699326985108
0.00000758585861149186
0.00000758585861149186
0.00001026322047437134
0.00000713963163434528
0.00000981699349722476
0.00001026322024699766
0.00000713963140697160
0.00000803208536126476
0.00000847831256578502
0.00000624717768005212
0.00000580095047553186
0.00000803208536126476
0.00000624717768005212
0.00000624717745267844
0.00000758585838411818
0.00000713963140697160
0.00000669340442982502
0.00000803208558863844
0.00001070944722414424
0.00001026322024699766
0.00000624717745267844
0.00000803208558863844
0.00001026322047437134
0.00000713963163434528
0.00000803208536126476
0.00000624717768005212
0.00000580095047553186
0.00000758585838411818
0.00000937076652007818
0.00000669340442982502
0.00000803208536126476
0.00000758585838411818
0.00000580095047553186
0.00000580095070290554
0.00000669340465719870
0.00000758585838411818
0.00000937076629270450
0.00000624717768005212
0.00000758585838411818
0.00000937076652007818
0.00000803208536126476
0.00000624717768005212
0.00000624717768005212
0.00000981699349722476
0.00000981699326985108
0.00000624717745267844
0.00000847831233841134
0.00000803208536126476
0.00000758585838411818
0.00000803208558863844
0.00000758585861149186
0.00000892453931555792
0.00000624717768005212
0.00000624717745267844
0.00000669340442982502
0.00000758585861149186
0.00000624717768005212
0.00000624717745267844
0.00000713963140697160
0.00000669340442982502
0.00000580095070290554
0.00000713963163434528
0.00000624717745267844
0.00000803208558863844
0.00000758585861149186
0.00000847831256578502
0.00001115567442866450
0.00000803208536126476
0.00000624717768005212
0.00000624717768005212
0.00000669340442982502
0.00000758585838411818
0.00000624717745267844
0.00000624717745267844
0.00000892453954293160
0.00000624717768005212
0.00000669340465719870
0.00000803208558863844
0.00000624717768005212
0.00000624717745267844
0.00000713963140697160
0.00000758585838411818
0.00000937076629270450
0.00000669340465719870
0.00000624717768005212
0.00000713963163434528
0.00000713963163434528
0.00000669340442982502
0.00000624717768005212
0.00000937076629270450
0.00000580095070290554
0.00000981699349722476
0.00000713963163434528
0.00000624717768005212
0.00004016042748844484
0.00001070944745151792
0.00000624717745267844
0.00000669340465719870
0.00000669340465719870
0.00001160190140581108
0.00000847831256578502
0.00000624717768005212
0.00001249435536010424
0.00000669340465719870
0.00000713963140697160
0.00000669340442982502
0.00000624717768005212
0.00000981699326985108
0.00000624717745267844
0.00001160190140581108
0.00001249435513273056
0.00001160190117843740
0.00000669340465719870
0.00000713963163434528
0.00000624717768005212
0.00000713963163434528
0.00000624717768005212
0.00000892453954293160
0.00000758585861149186
0.00000713963163434528
0.00000713963140697160
0.00001070944722414424
0.00000624717768005212
0.00000669340465719870
0.00000624717768005212
0.00000847831256578502
0.00000937076652007818
0.00001115567442866450
0.00000713963163434528
0.00000803208536126476
0.00001026322047437134
0.00000624717745267844
0.00001026322024699766
0.00000892453954293160
0.00000892453954293160
0.00000758585838411818
0.00000937076629270450
0.00001115567420129082
0.00000713963140697160
0.00000847831233841134
0.00000580095070290554
0.00000580095070290554
0.00000713963163434528
0.00000758585838411818
0.00000624717768005212
0.00000713963163434528
0.00000713963163434528
0.00000580095070290554
0.00000669340465719870
0.00000758585861149186
0.00000624717768005212
0.00000713963163434528
0.00000758585838411818
0.00000624717745267844
0.00000624717768005212
0.00000624717768005212
0.00000981699326985108
0.00000669340465719870
0.00000624717768005212
0.00000892453931555792
0.00000580095070290554
0.00001115567420129082
0.00000713963163434528
0.00000981699326985108
0.00000758585838411818
0.00000624717768005212
0.00000803208558863844
0.00001115567420129082
0.00000669340465719870
0.00000803208536126476
0.00001070944745151792
0.00000758585838411818
0.00000758585861149186
0.00000847831256578502
0.00000937076629270450
0.00000624717768005212
0.00000803208558863844
0.00000669340465719870
0.00001115567442866450
0.00000624717768005212
0.00000669340465719870
0.00000981699326985108
0.00000624717768005212
0.00000758585861149186
0.00000669340465719870
0.00000580095070290554
0.00000937076629270450
0.00000669340465719870
0.00000669340465719870
0.00000669340465719870
0.00000624717745267844
0.00000669340465719870
0.00000803208558863844
0.00000624717745267844
0.00000758585861149186
0.00000847831256578502
0.00000580095070290554
0.00000758585861149186
0.00000981699349722476
0.00000758585861149186
0.00000624717768005212
0.00000669340465719870
0.00000981699326985108
0.00000624717768005212
0.00000758585838411818
0.00000624717768005212
0.00000758585861149186
0.00000758585861149186
0.00000981699326985108
0.00000580095070290554
0.00001026322047437134
0.00000937076652007818
0.00000624717745267844
0.00000803208558863844
0.00000892453931555792
0.00000981699349722476
0.00000937076652007818
0.00001383303629154398
0.00000669340465719870
0.00000758585861149186
0.00000669340465719870
0.00000981699349722476
0.00000758585861149186
0.00000624717768005212
0.00000669340465719870
0.00000803208558863844
0.00000758585861149186
0.00000758585861149186
0.00001070944745151792
0.00000713963163434528
0.00000937076652007818
0.00000758585861149186
0.00000624717768005212
0.00000713963163434528
0.00000713963163434528
0.00001026322024699766
0.00000892453954293160
0.00000937076629270450
0.00001160190117843740
0.00000669340465719870
0.00000713963140697160
0.00000758585861149186
0.00000624717768005212
0.00000847831233841134
0.00000624717768005212
0.00000981699326985108
0.00000713963163434528
0.00000669340465719870
0.00000892453954293160
0.00000758585838411818
0.00001115567420129082
0.00000758585838411818
0.00000713963163434528
0.00000758585861149186
0.00000624717768005212
0.00000624717768005212
0.00000758585861149186
0.00000758585861149186
0.00000624717768005212
0.00000758585838411818
0.00000803208558863844
0.00000713963163434528
0.00000580095070290554
0.00000758585838411818
0.00000803208536126476
0.00000758585861149186
0.00000624717745267844
0.00000803208558863844
0.00000580095070290554
0.00001115567420129082
0.00000892453931555792
0.00000669340442982502
0.00000758585861149186
0.00000713963140697160
0.00000758585861149186
0.00000937076652007818
0.00000981699349722476
0.00000624717768005212
0.00000624717745267844
0.00000624717768005212
0.00001160190117843740
0.00000624717768005212
0.00000713963163434528
0.00000580095070290554
0.00000847831256578502
0.00000624717768005212
0.00000713963140697160
0.00001026322047437134
0.00000937076629270450
0.00000624717768005212
0.00000713963163434528
0.00000624717768005212
0.00000803208536126476
0.00000624717768005212
0.00000624717768005212
0.00000624717768005212
0.00000669340465719870
