0.00000669340458614442
0.00000401604275879208
0.00000446226972172781
0.00000490849669176896
0.00000401604275168665
0.00000624717761610327
0.00000401604275168665
0.00000401604275168665
0.00000356981578164550
0.00000490849669887439
0.00000490849669176896
0.00000401604275168665
0.00000446226972883323
0.00000401604275168665
0.00000446226972172781
0.00000401604275168665
0.00000446226972172781
0.00000401604275168665
0.00000490849669887439
0.00000446226972883323
0.00000356981578164550
0.00000356981577454007
0.00000490849669887439
0.00000446226972883323
0.00000401604275168665
0.00000401604275168665
0.00000446226972172781
0.00000401604275168665
0.00000937076642060219
0.00000401604275168665
0.00000446226972883323
0.00000401604275168665
0.00000401604275168665
0.00000401604275168665
0.00000401604275168665
0.00000446226972883323
0.00000356981577454007
0.00000535472366891554
0.00000401604275168665
0.00000401604275168665
0.00000713963155618558
0.00000446226972172781
0.00000490849669176896
0.00000356981578164550
0.00000401604275168665
0.00000446226972172781
0.00000401604275168665
0.00000401604275168665
0.00000401604275168665
0.00000401604275168665
0.00000401604275168665
0.00000446226972883323
0.00000401604275168665
0.00000401604275168665
0.00000490849669887439
0.00000401604275168665
0.00000401604275168665
0.00000446226972883323
0.00000401604275168665
0.00000401604275168665
0.00000446226972883323
0.00000401604275168665
0.00000446226972172781
0.00000401604275168665
0.00000580095063895669
0.00000446226972883323
0.00000446226972172781
0.00000758585852622673
0.00000401604275168665
0.00000446226972883323
0.00000401604275168665
0.00000401604275168665
0.00000401604275168665
0.00000401604275168665
0.00000401604275168665
0.00000490849669887439
0.00000446226972172781
0.00000446226972172781
0.00000446226972172781
0.00000446226972172781
0.00000401604275168665
0.00000401604275168665
0.00000446226972172781
0.00000490849669887439
0.00000401604275168665
0.00000401604275168665
0.00000535472366891554
0.00000624717761610327
0.00000446226972172781
0.00000446226972883323
0.00000401604275168665
0.00000401604275168665
0.00000446226972883323
0.00000446226972883323
0.00000401604275168665
0.00000535472366891554
0.00000446226972172781
0.00000490849669887439
0.00000490849669887439
0.00000401604275168665
0.00000446226972172781
0.00000446226972172781
0.00000401604275168665
0.00000446226972172781
0.00000401604275168665
0.00000401604275168665
0.00000401604275879208
0.00000446226972172781
0.00000669340458614442
0.00000446226972883323
0.00000401604275168665
0.00000446226972172781
0.00000446226972883323
0.00000401604275168665
0.00000401604275168665
0.00000847831248051989
0.00000580095063895669
0.00000401604275168665
0.00000401604275168665
0.00000446226972172781
0.00000401604275168665
0.00000401604275168665
0.00000401604275168665
0.00000490849669887439
0.00000446226972172781
0.00000535472366891554
0.00000847831247341446
0.00000401604275168665
0.00000446226972172781
0.00000401604275168665
0.00000401604275168665
0.00000490849669887439
0.00000401604275168665
0.00000401604275168665
0.00000446226972172781
0.00000490849669176896
0.00000446226972172781
0.00000446226972172781
0.00000669340458614442
0.00000713963155618558
0.00000446226972172781
0.00000490849669176896
0.00000446226972172781
0.00000446226972883323
0.00000446226972172781
0.00000401604275168665
0.00000535472367602097
0.00000490849669887439
0.00000401604275168665
0.00000401604275168665
0.00000446226972172781
0.00000446226972883323
0.00000401604275168665
0.00000446226972883323
0.00000446226972172781
0.00000446226972172781
0.00000446226972172781
0.00000401604275168665
0.00000490849669887439
0.00000446226972172781
0.00000446226972883323
0.00000446226972172781
0.00000401604275168665
0.00000446226972172781
0.00000401604275168665
0.00000446226972883323
0.00000446226972172781
0.00000401604275168665
0.00000446226972172781
0.00000401604275168665
0.00000446226972172781
0.00000446226972883323
0.00000490849669176896
0.00000803208550337331
0.00000937076642060219
0.00000490849669887439
0.00000446226972883323
0.00000401604275168665
0.00000892453945056104
0.00000401604275168665
0.00000401604275168665
0.00000446226972883323
0.00000446226972172781
0.00000401604275879208
0.00000401604275168665
0.00000446226972172781
0.00000669340458614442
0.00000401604275168665
0.00000446226972172781
0.00000446226972883323
0.00000669340458614442
0.00000446226972172781
0.00000490849669176896
0.00000401604275168665
0.00000446226972883323
0.00000446226972172781
0.00000446226972172781
0.00000446226972883323
0.00000669340458614442
0.00000446226972172781
0.00000401604275168665
0.00000401604275168665
0.00000401604275168665
0.00000446226972172781
0.00000401604275168665
0.00000446226972883323
0.00000401604275168665
0.00000401604275168665
0.00000446226972172781
0.00000446226972172781
0.00000401604275168665
0.00000446226972172781
0.00000446226972172781
0.00000401604275168665
0.00000401604275168665
0.00000892453945056104
0.00000401604275168665
0.00000446226972172781
0.00000446226972883323
0.00000401604275168665
0.00000401604275168665
0.00000446226972172781
0.00000446226972883323
0.00000401604275168665
0.00000490849669887439
0.00000446226972883323
0.00000401604275168665
0.00000446226972172781
0.00000490849669176896
0.00000490849669887439
0.00000401604275168665
0.00000401604275168665
0.00000446226972883323
0.00000446226972883323
0.00000490849669887439
0.00000446226972172781
0.00000490849669176896
0.00000446226972172781
0.00000446226972172781
0.00000446226972172781
0.00000401604275168665
0.00000401604275168665
0.00000401604275168665
0.00000446226972172781
0.00000446226972172781
0.00000446226972172781
0.00000401604275168665
0.00000490849669887439
0.00000446226972172781
0.00000401604275168665
0.00000401604275168665
0.00000401604275168665
0.00000446226972172781
0.00000446226972883323
0.00000535472366891554
0.00000446226972172781
0.00000401604275168665
0.00000446226972172781
0.00000401604275168665
0.00000490849669887439
0.00000401604275168665
0.00000446226972883323
0.00000446226972883323
0.00000446226972172781
0.00000490849669887439
0.00000535472366891554
0.00000490849669887439
0.00000401604275168665
0.00000937076642060219
0.00000446226972172781
0.00000401604275168665
0.00000446226972172781
0.00000446226972172781
0.00000401604275168665
0.00000401604275168665
0.00000401604275168665
0.00000401604275168665
0.00000401604275168665
0.00000669340458614442
0.00000446226972172781
0.00000401604275168665
0.00000758585853333216
0.00000535472366891554
0.00000446226972172781
0.00000580095064606212
0.00000401604275168665
0.00000490849669887439
0.00000446226972883323
0.00000401604275168665
0.00000446226972172781
0.00000446226972172781
0.00000401604275168665
0.00000847831248051989
0.00000446226972172781
0.00000446226972172781
0.00000401604275168665
0.00000401604275168665
0.00000401604275168665
0.00000446226972172781
0.00000490849669887439
0.00000490849669887439
0.00000535472366891554
0.00000446226972172781
0.00000401604275168665
0.00000490849669887439
0.00000446226972883323
0.00000446226972172781
0.00000401604275168665
0.00000401604275168665
0.00000446226972172781
0.00000401604275168665
0.00000446226972883323
0.00000401604275168665
0.00000669340458614442
0.00000401604275168665
0.00000580095064606212
0.00000401604275168665
0.00000446226972883323
0.00000490849669887439
0.00000401604275168665
0.00000490849669176896
0.00000401604275168665
0.00000490849669887439
0.00000446226972172781
0.00000401604275879208
0.00000446226972883323
0.00000446226972883323
0.00000401604275879208
0.00000446226972172781
0.00000446226972172781
0.00000401604275168665
0.00000401604275168665
0.00000401604275168665
0.00000758585852622673
0.00000401604275168665
0.00000490849669887439
0.00000401604275168665
0.00000446226972883323
0.00000490849669887439
0.00000580095063895669
0.00000446226972172781
0.00000892453945056104
0.00000446226972172781
0.00000446226972172781
0.00000401604275168665
0.00000401604275168665
0.00000490849669887439
0.00000401604275168665
0.00000401604275168665
0.00000446226972883323
0.00000401604275168665
0.00000446226972172781
0.00000446226972883323
0.00000446226972883323
0.00000446226972883323
0.00000580095063895669
0.00000892453944345561
0.00000401604275168665
0.00000401604275168665
0.00000401604275168665
0.00000401604275168665
0.00000446226972883323
0.00000446226972172781
0.00000401604275879208
0.00000758585853333216
0.00000490849669887439
0.00000401604275168665
0.00000446226972883323
0.00000490849669887439
0.00000401604275168665
0.00000490849669176896
0.00000446226972172781
0.00000490849669887439
