0.00002498871049283480
0.00003123588817288692
0.00002588116444712796
0.00004239156237417774
0.00003078966096836666
0.00002677361840142112
0.00003257456887695298
0.00003302079608147324
0.00002588116421975428
0.00002721984537856770
0.00003078966119574034
0.00002498871049283480
0.00002900475328715402
0.00002989720701407350
0.00002409625653854164
0.00002588116444712796
0.00002588116444712796
0.00003257456887695298
0.00002543493746998138
0.00002766607235571428
0.00003391325003576640
0.00002543493724260770
0.00002588116444712796
0.00002498871026546112
0.00002588116421975428
0.00002588116444712796
0.00003212834189980640
0.00003168211515003350
0.00002677361840142112
0.00002498871049283480
0.00003078966096836666
0.00002543493724260770
0.00002811229910548718
0.00003078966119574034
0.00003168211492265982
0.00002498871049283480
0.00002811229933286086
0.00002588116444712796
0.00002454248351568822
0.00002498871049283480
0.00002543493746998138
0.00002632739142427454
0.00002588116444712796
0.00002543493746998138
0.00002632739142427454
0.00002632739142427454
0.00002543493746998138
0.00002677361840142112
0.00002811229910548718
0.00002632739142427454
0.00002543493746998138
0.00003168211515003350
0.00002900475328715402
0.00003168211492265982
0.00003078966096836666
0.00003302079608147324
0.00002588116444712796
0.00002498871049283480
0.00002632739142427454
0.00002498871049283480
0.00003078966119574034
0.00002677361840142112
0.00002588116444712796
0.00002543493746998138
0.00002588116444712796
0.00002900475328715402
0.00002498871049283480
0.00003034343421859376
0.00002588116444712796
0.00002632739142427454
0.00003034343421859376
0.00003346702283124614
0.00002588116421975428
0.00002543493746998138
0.00002588116444712796
0.00003212834189980640
0.00002588116444712796
0.00002632739142427454
0.00002588116444712796
0.00002498871049283480
0.00002632739142427454
0.00002365002956139506
0.00002632739142427454
0.00002588116444712796
0.00003034343421859376
0.00002543493746998138
0.00002543493746998138
0.00002989720701407350
0.00002721984537856770
0.00002454248351568822
0.00002498871049283480
0.00003078966119574034
0.00003302079585409956
0.00002632739142427454
0.00002588116444712796
0.00002543493724260770
0.00003257456887695298
0.00002454248351568822
0.00002498871049283480
0.00002632739142427454
0.00003212834189980640
0.00002543493746998138
0.00002677361840142112
0.00002588116444712796
0.00002588116444712796
0.00003123588817288692
0.00002677361840142112
0.00002989720724144718
0.00002498871049283480
0.00003391324980839272
0.00002588116444712796
0.00002989720701407350
0.00003346702283124614
0.00002588116444712796
0.00002543493746998138
0.00002543493746998138
0.00002989720701407350
0.00002989720724144718
0.00002588116444712796
0.00003168211492265982
0.00002588116444712796
0.00002721984515119402
0.00002588116421975428
0.00002543493746998138
0.00003257456887695298
0.00002588116444712796
0.00002498871049283480
0.00002588116444712796
0.00003346702283124614
0.00002498871049283480
0.00002543493746998138
0.00003168211492265982
0.00003078966119574034
0.00002900475328715402
0.00002454248351568822
0.00002677361840142112
0.00002543493746998138
0.00002454248351568822
0.00002498871049283480
0.00002677361817404744
0.00002632739119690086
0.00002454248351568822
0.00002766607235571428
0.00002543493746998138
0.00003034343421859376
0.00002632739142427454
0.00002454248351568822
0.00002989720701407350
0.00002588116444712796
0.00002588116444712796
0.00002543493746998138
0.00002677361840142112
0.00002677361817404744
0.00002632739119690086
0.00002766607212834060
0.00002543493724260770
0.00002588116444712796
0.00002498871049283480
0.00002498871049283480
0.00003078966096836666
0.00002588116421975428
0.00002498871026546112
0.00002632739142427454
0.00002632739142427454
0.00002454248351568822
0.00002498871049283480
0.00002588116444712796
0.00002588116444712796
0.00002454248351568822
0.00003212834212718008
0.00003168211515003350
0.00002632739142427454
0.00002454248351568822
0.00002721984537856770
0.00002588116444712796
0.00002543493724260770
0.00002900475328715402
0.00003168211515003350
0.00002365002956139506
0.00003123588817288692
0.00003123588817288692
0.00002498871049283480
0.00002721984515119402
0.00002632739142427454
0.00002632739119690086
0.00002588116421975428
0.00002588116444712796
0.00003212834212718008
0.00002588116444712796
0.00002632739119690086
0.00002543493746998138
0.00002588116421975428
0.00002498871049283480
0.00002766607235571428
0.00002766607212834060
0.00002588116444712796
0.00003346702283124614
0.00003391325003576640
0.00002945098003692692
0.00002409625653854164
0.00002632739142427454
0.00002677361840142112
0.00002543493746998138
0.00002588116444712796
0.00002811229910548718
0.00003212834189980640
0.00002811229933286086
0.00002588116421975428
0.00003257456910432666
0.00003078966119574034
0.00002409625653854164
0.00003168211515003350
0.00002543493724260770
0.00002855852631000744
0.00002588116444712796
0.00002766607235571428
0.00002588116421975428
0.00003078966096836666
0.00002543493746998138
0.00002588116444712796
0.00002721984537856770
0.00002409625653854164
0.00002454248351568822
0.00003078966096836666
0.00002811229933286086
0.00003480570399005956
0.00002409625653854164
0.00002588116444712796
0.00002677361840142112
0.00002945098026430060
0.00002677361840142112
0.00002498871049283480
0.00002588116421975428
0.00003123588817288692
0.00002588116444712796
0.00002588116444712796
0.00002721984537856770
0.00002900475328715402
0.00002588116444712796
0.00003123588817288692
0.00002945098026430060
0.00002543493746998138
0.00002498871049283480
0.00002543493746998138
0.00002766607235571428
0.00002454248351568822
0.00002498871049283480
0.00002677361840142112
0.00002811229933286086
0.00003123588817288692
0.00003168211492265982
0.00003302079608147324
0.00002632739142427454
0.00002632739142427454
0.00002677361817404744
0.00003257456887695298
0.00002588116444712796
0.00002543493724260770
0.00002543493724260770
0.00002588116444712796
0.00002498871026546112
0.00002632739142427454
0.00002721984515119402
0.00003168211515003350
0.00002543493746998138
0.00002454248328831454
0.00002989720724144718
0.00002677361840142112
0.00002677361817404744
0.00002498871049283480
0.00002543493746998138
0.00003123588817288692
0.00002677361817404744
0.00002588116444712796
0.00002543493746998138
0.00002632739119690086
0.00003078966096836666
0.00002588116421975428
0.00003078966119574034
0.00002632739142427454
0.00002588116444712796
0.00003034343399122008
0.00002721984515119402
0.00002588116444712796
0.00002588116444712796
0.00002454248351568822
0.00003078966096836666
0.00002677361840142112
0.00002588116421975428
0.00002543493746998138
0.00002498871049283480
0.00002454248351568822
0.00002900475328715402
0.00002677361840142112
0.00002543493746998138
0.00002989720724144718
0.00002677361840142112
0.00002498871026546112
0.00002677361817404744
0.00002677361840142112
0.00003123588817288692
0.00002945098026430060
0.00003123588817288692
0.00002632739142427454
0.00003212834189980640
0.00002454248328831454
0.00002588116421975428
0.00002543493746998138
0.00002498871049283480
0.00003034343399122008
0.00002632739119690086
0.00002632739119690086
0.00003078966096836666
0.00002543493746998138
0.00003212834212718008
0.00002855852631000744
0.00002543493746998138
0.00002543493746998138
0.00003078966096836666
0.00003078966096836666
0.00002498871049283480
0.00002945098003692692
0.00002498871049283480
0.00003257456910432666
0.00002632739142427454
0.00002989720701407350
0.00002945098026430060
0.00002543493724260770
0.00002543493746998138
0.00002588116444712796
0.00002543493746998138
0.00002543493746998138
0.00002588116444712796
0.00002632739142427454
0.00002900475305978034
0.00002498871049283480
0.00002543493746998138
0.00002721984537856770
0.00002543493746998138
0.00002543493746998138
0.00002632739142427454
0.00002588116444712796
0.00002632739142427454
0.00002588116444712796
0.00002721984515119402
0.00002498871049283480
0.00002588116444712796
0.00002588116444712796
0.00002498871049283480
0.00002588116444712796
0.00002677361840142112
0.00002677361840142112
0.00003123588817288692
0.00002811229933286086
0.00002677361840142112
0.00002543493746998138
0.00002632739142427454
0.00002989720701407350
0.00002588116444712796
0.00002588116444712796
0.00003123588794551324
0.00002498871049283480
0.00003168211515003350
0.00003257456887695298
0.00002543493724260770
0.00002811229933286086
0.00002989720724144718
0.00002588116444712796
0.00002409625653854164
0.00002855852608263376
0.00002632739119690086
0.00002320380258424848
0.00002989720724144718
