0.01051221501714404150
0.00001026322036651317
0.00000803208550423373
0.00000847831247668962
0.00001204812825639223
0.00000847831247668962
0.00000847831247663411
0.00000847831247663411
0.00001115567431142495
0.00000892453944922877
0.00000847831247663411
0.00000847831247674513
0.00000803208550426149
0.00000892453944900673
0.00000892453944900673
0.00000803208550426149
0.00000937076642171242
0.00000803208550426149
0.00000803208550426149
0.00000758585853177784
0.00000892453944922877
0.00000847831247652309
0.00000803208550426149
0.00000981699339397402
0.00000847831247696718
0.00000713963155929420
0.00000803208550426149
0.00000981699339419606
0.00000803208550381740
0.00000803208550426149
0.00000981699339419606
0.00000847831247652309
0.00000758585853155580
0.00001383303614632680
0.00000758585853199989
0.00000758585853199989
0.00001070944733871926
0.00000803208550426149
0.00000847831247652309
0.00000803208550426149
0.00000847831247652309
0.00000937076642149037
0.00000803208550426149
0.00000758585853155580
0.00000847831247652309
0.00000847831247696718
0.00000847831247696718
0.00000758585853155580
0.00000803208550426149
0.00000847831247607900
0.00000758585853155580
0.00000892453944878469
0.00000892453944878469
0.00001204812825683632
0.00000847831247696718
0.00001070944733871926
0.00000803208550426149
0.00000803208550426149
0.00000847831247607900
0.00000803208550426149
0.00000937076642149037
0.00000713963155885011
0.00000758585853155580
0.00001249435522865383
0.00000758585853155580
0.00001160190128324246
0.00000847831247607900
0.00000803208550426149
0.00000803208550426149
0.00000981699339419606
0.00000847831247696718
0.00000803208550337331
0.00000669340458703260
0.00000892453944878469
0.00000847831247696718
0.00000803208550426149
0.00001070944733871926
0.00000803208550426149
0.00000803208550426149
0.00000937076642149037
0.00001249435522865383
0.00000847831247696718
0.00000847831247696718
0.00000892453944878469
0.00000803208550426149
0.00000847831247696718
0.00000803208550426149
0.00001249435522865383
0.00000803208550426149
0.00000892453944878469
0.00000937076642149037
0.00000847831247696718
0.00000847831247607900
0.00000803208550337331
0.00000803208550337331
0.00000713963155973829
0.00000892453944878469
0.00000892453944878469
0.00000892453944878469
0.00001070944733960744
0.00000803208550337331
0.00000803208550514967
0.00000803208550514967
0.00000803208550337331
0.00000803208550514967
0.00000803208550514967
0.00000713963155973829
0.00000892453944878469
0.00000803208550337331
0.00000803208550514967
0.00001160190128324246
0.00000892453944878469
0.00000847831247696718
0.00000892453944878469
0.00000847831247696718
0.00001115567431142495
0.00000847831247696718
0.00000937076642237855
0.00000803208550514967
0.00000803208550337331
0.00000847831247696718
0.00000847831247519082
0.00000803208550337331
0.00001115567431142495
0.00001026322036778993
0.00000803208550337331
0.00000847831247696718
0.00001026322036601357
0.00000847831247519082
0.00000803208550337331
0.00000847831247696718
0.00000847831247519082
0.00000847831247696718
0.00000892453944878469
0.00000847831247696718
0.00001115567431142495
0.00000803208550337331
0.00000847831247696718
0.00000892453944878469
0.00000892453944878469
0.00000803208550514967
0.00000803208550337331
0.00000758585853155580
0.00001115567431142495
0.00000937076642060219
0.00000758585853155580
0.00000892453944878469
0.00001026322036601357
0.00000803208550337331
0.00000803208550514967
0.00000847831247519082
0.00000803208550337331
0.00000847831247696718
0.00000892453944878469
0.00000892453944878469
0.00000892453944878469
0.00000803208550337331
0.00000981699339419606
0.00000847831247696718
0.00000892453944878469
0.00001204812825683632
0.00000847831247696718
0.00000847831247696718
0.00000847831247696718
0.00000803208550514967
0.00000758585853155580
0.00000892453944878469
0.00000892453944878469
0.00000981699339419606
0.00000847831247696718
0.00000981699339419606
0.00000937076642060219
0.00000892453944878469
0.00000981699339241970
0.00000803208550514967
0.00000892453944878469
0.00000758585853155580
0.00000847831247696718
0.00001204812825683632
0.00000847831247696718
0.00000847831247696718
0.00000847831247696718
0.00000847831247519082
0.00000937076642237855
0.00000803208550514967
0.00000803208550337331
0.00000847831247696718
0.00000847831247696718
0.00000847831247696718
0.00001249435522865383
0.00001160190128324246
0.00000847831247519082
0.00000803208550337331
0.00000847831247696718
0.00000937076642060219
0.00000847831247696718
0.00000937076642060219
0.00000981699339419606
0.00000758585853333216
0.00000892453945056104
0.00000847831247696718
0.00001026322036778993
0.00000847831247696718
0.00000847831247696718
0.00000803208550692602
0.00000847831247696718
0.00000892453944700833
0.00001160190128501881
0.00000803208550692602
0.00000847831247696718
0.00000892453945056104
0.00001070944733783108
0.00000803208550337331
0.00000803208550337331
0.00000892453944700833
0.00001204812825505996
0.00000803208550337331
0.00000847831247696718
0.00000981699339419606
0.00000847831247696718
0.00000981699339419606
0.00001338680917584156
0.00000803208550337331
0.00000803208550337331
0.00001070944733783108
0.00000892453945056104
0.00000847831247696718
0.00001383303614943543
0.00000937076642060219
0.00000847831247696718
0.00001026322036778993
0.00001070944733783108
0.00000937076642060219
0.00000847831247696718
0.00000892453944700833
0.00001204812825505996
0.00000892453944700833
0.00000847831247696718
0.00001026322036778993
0.00000847831247696718
0.00000847831247696718
0.00001115567431142495
0.00000892453944700833
0.00000892453944700833
0.00000803208550337331
0.00001070944733783108
0.00000758585853333216
0.00001115567431142495
0.00001160190128501881
0.00000803208550337331
0.00000847831247696718
0.00000892453944700833
0.00000847831247696718
0.00000803208550337331
0.00000847831247696718
0.00001204812825861268
0.00000937076642060219
0.00001160190128501881
0.00000937076642060219
0.00001204812825505996
0.00000892453944700833
0.00001026322036778993
0.00000803208550692602
0.00000803208550692602
0.00001294058220224770
0.00000803208550692602
0.00000803208550337331
0.00000937076642060219
0.00000892453945056104
0.00000847831247696718
0.00000937076642060219
0.00000803208550337331
0.00000803208550337331
0.00000847831247696718
0.00000847831247696718
0.00000847831247696718
0.00000803208550337331
0.00000892453944700833
0.00001160190128501881
0.00000803208550692602
0.00000847831247696718
0.00000847831247696718
0.00000758585852977944
0.00001070944733783108
0.00000847831247696718
0.00000803208550337331
0.00000847831247696718
0.00000937076642415491
0.00000847831247696718
0.00000847831247341446
0.00000803208550337331
0.00000892453945056104
0.00000803208550337331
0.00001294058220224770
0.00000847831247696718
0.00000981699339419606
0.00001204812825505996
0.00000847831247696718
0.00000981699339064335
0.00000803208550337331
0.00000803208550692602
0.00000847831247696718
0.00000847831247696718
0.00000847831247696718
0.00000803208550337331
0.00000981699339419606
0.00000803208550692602
0.00000758585852977944
0.00001115567431142495
0.00000758585852977944
0.00001249435522865383
0.00000803208550337331
0.00000847831247696718
0.00001026322036778993
0.00000847831247696718
0.00000803208550337331
0.00001026322036778993
0.00000758585853333216
0.00000937076642060219
0.00003792929265600264
0.00001026322036778993
0.00000847831247696718
0.00000803208550692602
0.00000803208550337331
0.00000892453944700833
0.00001160190128501881
0.00000892453944700833
0.00000847831247696718
0.00000981699339419606
0.00000981699339419606
0.00000981699339419606
0.00000803208550337331
0.00000803208550692602
0.00000937076642060219
0.00000803208550337331
0.00000892453945056104
0.00001026322036423721
0.00000847831247696718
0.00000803208550337331
0.00000847831247696718
0.00000847831247696718
0.00000847831247696718
0.00000847831247696718
0.00000847831247696718
0.00000803208550337331
0.00000892453945056104
0.00000847831247696718
0.00000803208550337331
0.00000847831247696718
0.00000847831247341446
0.00000803208550337331
0.00000847831247696718
0.00000803208550337331
0.00000847831247341446
0.00000803208550337331
0.00000937076642060219
0.00001026322036778993
0.00000803208550337331
0.00000892453945056104
0.00001294058220224770
0.00000803208550692602
0.00000981699339419606
0.00000847831247696718
0.00000803208550337331
0.00000803208550692602
0.00000847831247696718
0.00000892453944700833
0.00000847831247341446
0.00000847831247696718
0.00000803208550337331
0.00000847831247696718
0.00000803208550337331
0.00000937076642060219
