0.00000446226977146580
0.00000401604256694554
0.00000580095070290554
0.00000446226954409212
0.00000401604279431922
0.00000446226977146580
0.00000401604279431922
0.00000758585838411818
0.00000401604279431922
0.00000446226977146580
0.00000446226977146580
0.00000401604279431922
0.00000446226954409212
0.00000401604279431922
0.00000446226977146580
0.00000446226977146580
0.00000401604256694554
0.00000401604279431922
0.00000446226977146580
0.00000401604279431922
0.00000401604279431922
0.00000401604279431922
0.00000401604279431922
0.00000446226977146580
0.00000401604279431922
0.00000401604279431922
0.00000446226954409212
0.00000401604279431922
0.00000401604256694554
0.00000446226977146580
0.00000401604279431922
0.00000401604279431922
0.00000401604279431922
0.00000401604279431922
0.00000401604279431922
0.00000446226977146580
0.00000624717768005212
0.00000713963163434528
0.00000401604279431922
0.00000401604256694554
0.00000401604279431922
0.00000446226977146580
0.00000446226977146580
0.00000446226954409212
0.00000401604256694554
0.00000446226954409212
0.00000446226977146580
0.00000446226977146580
0.00000446226977146580
0.00000401604279431922
0.00000401604279431922
0.00000401604279431922
0.00000490849652123870
0.00000446226977146580
0.00000401604256694554
0.00000446226977146580
0.00000446226977146580
0.00000446226977146580
0.00000401604256694554
0.00000401604279431922
0.00000401604256694554
0.00000401604279431922
0.00000446226977146580
0.00000401604279431922
0.00000401604256694554
0.00000401604279431922
0.00000401604279431922
0.00000446226954409212
0.00000401604256694554
0.00000401604256694554
0.00000401604279431922
0.00000446226977146580
0.00000401604279431922
0.00000401604256694554
0.00000446226954409212
0.00000401604279431922
0.00000401604279431922
0.00000401604279431922
0.00000401604279431922
0.00000401604256694554
0.00000401604256694554
0.00000401604279431922
0.00000446226977146580
0.00000401604279431922
0.00000401604279431922
0.00000446226977146580
0.00000401604279431922
0.00000446226977146580
0.00000713963140697160
0.00000401604279431922
0.00000401604256694554
0.00000446226977146580
0.00000401604256694554
0.00000401604279431922
0.00000401604279431922
0.00000401604279431922
0.00000446226977146580
0.00000803208558863844
0.00000401604256694554
0.00000401604279431922
0.00000401604279431922
0.00000401604279431922
0.00000446226977146580
0.00000937076629270450
0.00000446226977146580
0.00000401604256694554
0.00000356981581717264
0.00000446226977146580
0.00000401604279431922
0.00000401604279431922
0.00000401604279431922
0.00000401604279431922
0.00000401604279431922
0.00000401604279431922
0.00000446226977146580
0.00000401604279431922
0.00000356981581717264
0.00000401604279431922
0.00000535472372575896
0.00000401604279431922
0.00000446226977146580
0.00000490849674861238
0.00000401604279431922
0.00000446226977146580
0.00000446226977146580
0.00000401604279431922
0.00000446226977146580
0.00000446226977146580
0.00000446226977146580
0.00000401604279431922
0.00000401604279431922
0.00000803208536126476
0.00000446226977146580
0.00000446226977146580
0.00000401604279431922
0.00000356981581717264
0.00000401604279431922
0.00000401604279431922
0.00000446226977146580
0.00000401604279431922
0.00000446226977146580
0.00000446226954409212
0.00000446226954409212
0.00000401604256694554
0.00000401604256694554
0.00000401604279431922
0.00000446226977146580
0.00000401604279431922
0.00000401604279431922
0.00000356981581717264
0.00000401604279431922
0.00000446226977146580
0.00000446226977146580
0.00000401604279431922
0.00000446226977146580
0.00000446226977146580
0.00000446226977146580
0.00000446226977146580
0.00000401604256694554
0.00000401604279431922
0.00000446226954409212
0.00000580095070290554
0.00000401604279431922
0.00000401604279431922
0.00000401604279431922
0.00000446226954409212
0.00000446226977146580
0.00000446226977146580
0.00000446226977146580
0.00000401604279431922
0.00000446226977146580
0.00000401604279431922
0.00000446226977146580
0.00000401604279431922
0.00000401604279431922
0.00000490849652123870
0.00000401604279431922
0.00000446226977146580
0.00000981699349722476
0.00000401604279431922
0.00000490849674861238
0.00000401604279431922
0.00000401604256694554
0.00000356981581717264
0.00000401604256694554
0.00000446226977146580
0.00000446226977146580
0.00000446226977146580
0.00000446226977146580
0.00000401604279431922
0.00000401604279431922
0.00000446226977146580
0.00000401604279431922
0.00000401604279431922
0.00000446226954409212
0.00000446226977146580
0.00000401604256694554
0.00000446226977146580
0.00000446226977146580
0.00000446226954409212
0.00000446226954409212
0.00000401604279431922
0.00000401604279431922
0.00000401604279431922
0.00000758585861149186
0.00000490849674861238
0.00000401604279431922
0.00000446226977146580
0.00000401604279431922
0.00000401604279431922
0.00000401604256694554
0.00000446226954409212
0.00000401604279431922
0.00000401604256694554
0.00000446226977146580
0.00000401604279431922
0.00000446226977146580
0.00000401604279431922
0.00000446226977146580
0.00000401604279431922
0.00000446226977146580
0.00000446226954409212
0.00000401604279431922
0.00000401604279431922
0.00000401604279431922
0.00000446226977146580
0.00000401604279431922
0.00000446226977146580
0.00000446226954409212
0.00000401604279431922
0.00000401604256694554
0.00000356981581717264
0.00000401604279431922
0.00000401604279431922
0.00000446226977146580
0.00000401604279431922
0.00000401604279431922
0.00000401604279431922
0.00000446226977146580
0.00000446226954409212
0.00000401604256694554
0.00000401604279431922
0.00000401604279431922
0.00000401604279431922
0.00000401604279431922
0.00000401604279431922
0.00000401604279431922
0.00000446226977146580
0.00000401604279431922
0.00000446226977146580
0.00000446226954409212
0.00000446226977146580
0.00000446226977146580
0.00000401604279431922
0.00000401604256694554
0.00000401604279431922
0.00000356981581717264
0.00000401604256694554
0.00000401604279431922
0.00000401604256694554
0.00000669340442982502
0.00000356981581717264
0.00000401604279431922
0.00000401604279431922
0.00000401604279431922
0.00000446226977146580
0.00000446226977146580
0.00000446226977146580
0.00000401604279431922
0.00000446226954409212
0.00000758585861149186
0.00000401604279431922
0.00000446226977146580
0.00000401604279431922
0.00000892453931555792
0.00000401604279431922
0.00000490849674861238
0.00000490849674861238
0.00000401604279431922
0.00000401604279431922
0.00000401604279431922
0.00000401604279431922
0.00000401604279431922
0.00000446226977146580
0.00000401604256694554
0.00000446226977146580
0.00000401604279431922
0.00000401604279431922
0.00000892453931555792
0.00000446226977146580
0.00000401604279431922
0.00000401604256694554
0.00000401604279431922
0.00000401604256694554
0.00000446226977146580
0.00000401604279431922
0.00000446226977146580
0.00000401604279431922
0.00000669340465719870
0.00000401604279431922
0.00000446226977146580
0.00000446226977146580
0.00000446226977146580
0.00000401604279431922
0.00000401604279431922
0.00000401604256694554
0.00000401604279431922
0.00000401604256694554
0.00000446226954409212
0.00000401604279431922
0.00000401604279431922
0.00000401604279431922
0.00000446226977146580
0.00000446226977146580
0.00000446226977146580
0.00000446226977146580
0.00000446226977146580
0.00000401604279431922
0.00000401604256694554
0.00000401604279431922
0.00000401604256694554
0.00000446226954409212
0.00000446226954409212
0.00000401604279431922
0.00000446226954409212
0.00000401604279431922
0.00000401604279431922
0.00000401604256694554
0.00000446226977146580
0.00000490849674861238
0.00000401604279431922
0.00000401604279431922
0.00000401604256694554
0.00000401604256694554
0.00000401604279431922
0.00000446226977146580
0.00000446226977146580
0.00000401604256694554
0.00000401604279431922
0.00000401604279431922
0.00000401604256694554
0.00000401604279431922
0.00000401604279431922
0.00000401604256694554
0.00000401604279431922
0.00000401604256694554
0.00000446226954409212
0.00000401604256694554
0.00000446226977146580
0.00000446226977146580
0.00000446226954409212
0.00000535472372575896
0.00000446226977146580
0.00000446226977146580
0.00000446226977146580
0.00000446226977146580
0.00000803208558863844
0.00000401604279431922
0.00000446226977146580
0.00000401604279431922
0.00000401604279431922
0.00000401604279431922
0.00000446226977146580
0.00000401604279431922
0.00000446226977146580
0.00000401604279431922
0.00000401604279431922
0.00000490849652123870
0.00000401604256694554
0.00000401604279431922
0.00000713963163434528
0.00000803208536126476
0.00000446226977146580
