0.00000401604279431922
0.00000401604268063238
0.00000446226965777896
0.00000401604268063238
0.00000446226977146580
0.00000401604279431922
0.00000624717768005212
0.00000401604279431922
0.00000446226977146580
0.00000401604279431922
0.00000401604268063238
0.00000446226977146580
0.00000758585861149186
0.00000446226965777896
0.00000669340454351186
0.00000401604268063238
0.00000401604279431922
0.00000446226965777896
0.00000490849663492554
0.00000401604268063238
0.00000401604279431922
0.00000446226977146580
0.00000446226965777896
0.00000446226965777896
0.00000490849674861238
0.00000758585861149186
0.00000356981581717264
0.00000401604279431922
0.00000446226965777896
0.00000446226977146580
0.00000446226977146580
0.00000446226965777896
0.00000401604268063238
0.00000401604279431922
0.00000446226977146580
0.00000446226977146580
0.00000401604279431922
0.00000446226977146580
0.00000490849674861238
0.00000535472372575896
0.00000401604279431922
0.00000446226977146580
0.00000446226977146580
0.00000401604279431922
0.00000401604279431922
0.00000401604279431922
0.00000401604279431922
0.00000401604279431922
0.00000401604268063238
0.00000401604268063238
0.00000401604268063238
0.00000446226965777896
0.00000490849663492554
0.00000446226977146580
0.00000401604279431922
0.00000624717768005212
0.00000446226977146580
0.00000669340454351186
0.00000535472372575896
0.00000401604279431922
0.00000446226977146580
0.00000401604279431922
0.00000401604279431922
0.00000401604279431922
0.00000490849663492554
0.00000535472372575896
0.00000446226977146580
0.00000401604279431922
0.00000401604268063238
0.00000401604268063238
0.00000401604279431922
0.00000401604279431922
0.00000446226977146580
0.00000446226954409212
0.00000490849674861238
0.00000401604256694554
0.00000446226977146580
0.00000490849674861238
0.00000446226977146580
0.00000401604279431922
0.00000401604279431922
0.00000446226977146580
0.00000401604279431922
0.00000446226977146580
0.00000401604256694554
0.00000401604279431922
0.00000401604279431922
0.00000401604279431922
0.00000446226954409212
0.00000446226954409212
0.00000490849674861238
0.00000446226977146580
0.00000446226954409212
0.00000401604279431922
0.00000446226977146580
0.00000401604256694554
0.00000401604279431922
0.00000401604279431922
0.00000490849674861238
0.00000446226977146580
0.00000446226977146580
0.00000446226954409212
0.00000446226977146580
0.00000401604279431922
0.00000401604279431922
0.00000401604279431922
0.00000401604256694554
0.00000446226977146580
0.00000446226954409212
0.00000401604279431922
0.00000401604256694554
0.00000937076652007818
0.00000446226977146580
0.00000446226954409212
0.00000446226977146580
0.00000580095070290554
0.00000446226977146580
0.00000446226954409212
0.00000401604279431922
0.00000401604279431922
0.00000490849674861238
0.00000401604256694554
0.00000535472372575896
0.00000401604256694554
0.00000446226977146580
0.00000669340442982502
0.00000446226977146580
0.00000401604279431922
0.00000446226954409212
0.00000446226977146580
0.00000401604256694554
0.00000401604279431922
0.00000401604279431922
0.00000401604279431922
0.00000401604256694554
0.00000758585838411818
0.00000446226977146580
0.00000446226954409212
0.00000446226977146580
0.00000446226977146580
0.00000401604279431922
0.00000446226977146580
0.00000446226977146580
0.00000401604279431922
0.00000490849674861238
0.00000580095047553186
0.00000401604279431922
0.00000446226977146580
0.00000490849674861238
0.00000401604279431922
0.00000446226977146580
0.00000401604279431922
0.00000401604279431922
0.00000401604279431922
0.00000446226977146580
0.00000490849674861238
0.00000401604279431922
0.00000446226977146580
0.00000446226977146580
0.00000401604279431922
0.00000401604256694554
0.00000401604279431922
0.00000446226977146580
0.00000446226954409212
0.00000401604279431922
0.00000446226977146580
0.00000446226977146580
0.00000446226977146580
0.00000401604279431922
0.00000446226977146580
0.00000401604279431922
0.00000446226977146580
0.00000624717768005212
0.00000446226954409212
0.00000490849674861238
0.00000446226977146580
0.00000401604279431922
0.00000446226954409212
0.00000981699349722476
0.00000446226977146580
0.00000401604279431922
0.00000847831233841134
0.00000446226977146580
0.00000446226977146580
0.00000446226977146580
0.00000446226977146580
0.00000446226977146580
0.00000401604279431922
0.00000446226977146580
0.00000401604279431922
0.00000401604279431922
0.00000535472372575896
0.00000446226977146580
0.00000446226977146580
0.00000446226977146580
0.00000401604279431922
0.00000446226977146580
0.00000401604256694554
0.00000446226977146580
0.00000446226977146580
0.00000401604279431922
0.00000446226977146580
0.00000401604279431922
0.00000401604279431922
0.00000401604279431922
0.00000446226977146580
0.00000446226977146580
0.00000401604279431922
0.00000401604279431922
0.00000669340465719870
0.00000624717745267844
0.00000446226977146580
0.00000446226977146580
0.00000446226954409212
0.00000446226977146580
0.00000401604256694554
0.00000490849674861238
0.00000401604256694554
0.00000446226977146580
0.00000401604279431922
0.00000401604279431922
0.00000446226977146580
0.00000892453954293160
0.00000446226977146580
0.00000580095070290554
0.00000446226954409212
0.00000401604279431922
0.00000446226977146580
0.00000446226977146580
0.00000446226977146580
0.00000446226954409212
0.00000446226977146580
0.00000490849674861238
0.00000669340442982502
0.00000446226954409212
0.00000401604256694554
0.00000401604279431922
0.00000446226977146580
0.00000446226977146580
0.00000490849674861238
0.00000401604279431922
0.00000401604279431922
0.00000401604279431922
0.00000401604279431922
0.00000401604279431922
0.00000446226977146580
0.00000446226977146580
0.00000401604279431922
0.00000401604279431922
0.00000624717768005212
0.00000401604279431922
0.00000446226977146580
0.00000446226977146580
0.00000803208558863844
0.00000669340465719870
0.00000356981581717264
0.00000446226977146580
0.00000401604279431922
0.00000446226954409212
0.00000446226977146580
0.00000401604256694554
0.00000446226954409212
0.00000446226977146580
0.00000401604279431922
0.00000490849652123870
0.00000401604279431922
0.00000446226977146580
0.00000401604279431922
0.00000401604279431922
0.00000356981581717264
0.00000401604279431922
0.00000446226954409212
0.00000446226954409212
0.00000446226977146580
0.00000490849674861238
0.00000401604279431922
0.00000401604279431922
0.00000401604279431922
0.00000446226977146580
0.00000446226977146580
0.00000446226977146580
0.00000446226977146580
0.00000401604279431922
0.00000446226977146580
0.00000401604279431922
0.00000446226977146580
0.00000446226977146580
0.00000401604256694554
0.00000446226977146580
0.00000401604279431922
0.00000401604279431922
0.00000401604279431922
0.00000446226977146580
0.00000490849674861238
0.00000490849674861238
0.00000446226954409212
0.00000758585861149186
0.00000356981558979896
0.00000446226977146580
0.00000446226954409212
0.00000401604279431922
0.00000446226977146580
0.00000446226977146580
0.00000401604279431922
0.00000446226977146580
0.00000535472349838528
0.00000580095070290554
0.00000401604279431922
0.00000446226977146580
0.00000446226977146580
0.00000401604279431922
0.00000401604279431922
0.00000446226977146580
0.00000446226977146580
0.00000401604279431922
0.00000446226977146580
0.00000446226977146580
0.00000446226954409212
0.00000446226977146580
0.00000401604279431922
0.00000490849674861238
0.00000446226977146580
0.00000401604279431922
0.00000758585861149186
0.00000669340465719870
0.00000446226977146580
0.00000401604279431922
0.00000803208536126476
0.00000669340442982502
0.00000446226977146580
0.00000446226977146580
0.00000446226977146580
0.00000401604279431922
0.00000401604279431922
0.00000446226977146580
0.00000446226977146580
0.00000535472372575896
0.00000446226977146580
0.00000446226977146580
0.00000446226977146580
0.00000401604279431922
0.00000446226977146580
0.00000446226977146580
0.00000446226977146580
0.00000446226954409212
0.00000401604279431922
0.00000401604279431922
0.00000401604279431922
0.00000446226977146580
0.00000446226954409212
0.00000446226977146580
0.00000401604279431922
0.00000446226977146580
0.00000446226954409212
0.00000401604256694554
0.00000446226977146580
0.00000847831233841134
0.00000401604279431922
0.00000758585861149186
0.00000401604279431922
0.00000401604279431922
0.00000401604279431922
0.00000446226977146580
0.00000401604279431922
0.00000401604279431922
0.00000446226977146580
0.00000401604279431922
0.00000580095070290554
0.00000401604279431922
0.00000490849652123870
0.00000446226977146580
0.00000446226977146580
0.00000401604279431922
