0.00002721984492382035
0.00003525193096720614
0.00002677361771930009
0.00002945097912743222
0.00003078966074099299
0.00003212834235455375
0.00003123588794551324
0.00003346702214912511
0.00002900475374190137
0.00002945097912743222
0.00003168211515003350
0.00003569815635273699
0.00002632739051477984
0.00003435947655816562
0.00002855852471839171
0.00003168211515003350
0.00003212834235455375
0.00003123588794551324
0.00002766607212834060
0.00002855852471839171
0.00003123588794551324
0.00002989720633195248
0.00002945098094642162
0.00002855852653738111
0.00003123588794551324
0.00004373024239612278
0.00002855852653738111
0.00002543493792472873
0.00003212834235455375
0.00002945098094642162
0.00002989720633195248
0.00003168211333104409
0.00002632739233376924
0.00002855852471839171
0.00003346702396811452
0.00002811229933286086
0.00002632739233376924
0.00003302079494460486
0.00003212834235455375
0.00002900475374190137
0.00002721984492382035
0.00002677361771930009
0.00003391324935364537
0.00002721984674280975
0.00002543493610573933
0.00003168211515003350
0.00002900475374190137
0.00002989720815094188
0.00003123588794551324
0.00002588116331025958
0.00003212834053556435
0.00002588116331025958
0.00002811229933286086
0.00003346702214912511
0.00002454248351568822
0.00002677361771930009
0.00003257456955907401
0.00003034343353647273
0.00002811229933286086
0.00002632739233376924
0.00003212834235455375
0.00002588116331025958
0.00002900475374190137
0.00002543493792472873
0.00003212834235455375
0.00003391324935364537
0.00003659061258076690
0.00003168211515003350
0.00002632739051477984
0.00003034343535546213
0.00003034343353647273
0.00003078966074099299
0.00002632739051477984
0.00003302079494460486
0.00002721984492382035
0.00002811229933286086
0.00003078966074099299
0.00002989720633195248
0.00003168211515003350
0.00003302079676359426
0.00002543493792472873
0.00002409625813015737
0.00002632739233376924
0.00002677361771930009
0.00002900475374190137
0.00003034343353647273
0.00003212834235455375
0.00002989720815094188
0.00003302079676359426
0.00002855852653738111
0.00003078966074099299
0.00002900475374190137
0.00002588116512924898
0.00003168211515003350
0.00003168211515003350
0.00003212834235455375
0.00003034343535546213
0.00002588116512924898
0.00003078966074099299
0.00002632739233376924
0.00003168211515003350
0.00003212834235455375
0.00003034343353647273
0.00003168211515003350
0.00002365002910664771
0.00002588116512924898
0.00002454248351568822
0.00002721984492382035
0.00003168211515003350
0.00003212834235455375
0.00002588116331025958
0.00003034343535546213
0.00003034343353647273
0.00003212834235455375
0.00002588116331025958
0.00003078966074099299
0.00003123588794551324
0.00003391325117263477
0.00002989720633195248
0.00003078966074099299
0.00002677361953828949
0.00002632739233376924
0.00002498871072020847
0.00003212834235455375
0.00003257456955907401
0.00003123588794551324
0.00002900475374190137
0.00002632739051477984
0.00002855852653738111
0.00003212834053556435
0.00003034343353647273
0.00003078966074099299
0.00002989720815094188
0.00002989720815094188
0.00002365002910664771
0.00003212834235455375
0.00003257456774008460
0.00002677361771930009
0.00002498871072020847
0.00003302079676359426
0.00002677361953828949
0.00002721984492382035
0.00002900475374190137
0.00003212834235455375
0.00003123588794551324
0.00003302079676359426
0.00002588116331025958
0.00002900475374190137
0.00002588116331025958
0.00003168211515003350
0.00002588116331025958
0.00002945098094642162
0.00002945098094642162
0.00003212834235455375
0.00002900475374190137
0.00003034343535546213
0.00003257456774008460
0.00003212834053556435
0.00003123588794551324
0.00002588116512924898
0.00002588116331025958
0.00003078966255998239
0.00003123588794551324
0.00002989720633195248
0.00003168211515003350
0.00002721984492382035
0.00002454248351568822
0.00002855852653738111
0.00002900475374190137
0.00002811229933286086
0.00002945098094642162
0.00002543493792472873
0.00002632739233376924
0.00002989720633195248
0.00002721984492382035
0.00003123588794551324
0.00003212834235455375
0.00003257456955907401
0.00003212834235455375
0.00003078966074099299
0.00003257456774008460
0.00002989720815094188
0.00003168211515003350
0.00003034343353647273
0.00002632739051477984
0.00002989720633195248
0.00003257456955907401
0.00002900475374190137
0.00002409625631116796
0.00003212834235455375
0.00003168211333104409
0.00002989720633195248
0.00002811229933286086
0.00003123588794551324
0.00003212834235455375
0.00002945098094642162
0.00002543493792472873
0.00003168211515003350
0.00003078966255998239
0.00002855852653738111
0.00002989720633195248
0.00002632739051477984
0.00002766607212834060
0.00003212834235455375
0.00002588116512924898
0.00002543493792472873
0.00002989720815094188
0.00002766607212834060
0.00003123588794551324
0.00003168211515003350
0.00003034343353647273
0.00003034343353647273
0.00003168211333104409
0.00003302079494460486
0.00002498871072020847
0.00003257456955907401
0.00003302079676359426
0.00003034343353647273
0.00002900475192291196
0.00003123588794551324
0.00003302079676359426
0.00002677361771930009
0.00002900475374190137
0.00002543493792472873
0.00002766607212834060
0.00002632739233376924
0.00003168211515003350
0.00002900475374190137
0.00002588116512924898
0.00002945098094642162
0.00003034343535546213
0.00002766607212834060
0.00002498871072020847
0.00002900475374190137
0.00003078966255998239
0.00002677361953828949
0.00002900475192291196
0.00003078966255998239
0.00002588116512924898
0.00002766607212834060
0.00002900475374190137
0.00003078966074099299
0.00002811229933286086
0.00002811229933286086
0.00002945097912743222
0.00002945098094642162
0.00003212834053556435
0.00002721984492382035
0.00003257456955907401
0.00002989720633195248
0.00002766607212834060
0.00002543493610573933
0.00003168211515003350
0.00003168211515003350
0.00003034343535546213
0.00003078966074099299
0.00002588116512924898
0.00002721984492382035
0.00002855852653738111
0.00002588116512924898
0.00002855852653738111
0.00002454248351568822
0.00002454248351568822
0.00002454248351568822
0.00003168211515003350
0.00002855852653738111
0.00003302079676359426
0.00003034343353647273
0.00002855852653738111
0.00002632739233376924
0.00003078966074099299
0.00003302079676359426
0.00002632739051477984
0.00003123588794551324
0.00002588116512924898
0.00002989720815094188
0.00002632739233376924
0.00003034343353647273
0.00003078966074099299
0.00003257456774008460
0.00002989720815094188
0.00003123588794551324
0.00003123588794551324
0.00003302079494460486
0.00002409625813015737
0.00003212834235455375
0.00003212834053556435
0.00003123588794551324
0.00002543493610573933
0.00003078966255998239
0.00003212834235455375
0.00002989720815094188
0.00003078966074099299
0.00002588116512924898
0.00002365002910664771
0.00002989720633195248
0.00003078966074099299
0.00003168211515003350
0.00002989720633195248
0.00002677361953828949
0.00002588116331025958
0.00003078966074099299
0.00002766607212834060
0.00003257456955907401
0.00003078966074099299
0.00002945098094642162
0.00002766607212834060
0.00003078966074099299
0.00003123588794551324
0.00002543493792472873
0.00002543493610573933
0.00002900475374190137
0.00002900475374190137
0.00003034343353647273
0.00003257456955907401
0.00003168211515003350
0.00003123588794551324
0.00002588116512924898
0.00002945098094642162
0.00002677361953828949
0.00002900475374190137
0.00002677361953828949
0.00003168211515003350
0.00002900475192291196
0.00002900475192291196
0.00002543493610573933
0.00002855852653738111
0.00002989720815094188
0.00002989720633195248
0.00002588116331025958
0.00003257456955907401
0.00003078966074099299
0.00003078966074099299
0.00003168211515003350
0.00002721984674280975
0.00003168211515003350
0.00003078966074099299
0.00002855852471839171
0.00002543493792472873
0.00002721984492382035
0.00002989720815094188
0.00002855852653738111
0.00003034343353647273
0.00003212834235455375
0.00003034343353647273
0.00002766607212834060
0.00003034343353647273
0.00002543493792472873
0.00003168211515003350
0.00002811229933286086
0.00002543493792472873
0.00003034343535546213
0.00003212834235455375
0.00002632739051477984
0.00002498871072020847
0.00002632739051477984
0.00003212834235455375
0.00003257456955907401
0.00002766607212834060
0.00002855852653738111
0.00003168211515003350
0.00002900475374190137
0.00002945097912743222
0.00002855852471839171
0.00002900475374190137
0.00002766607212834060
0.00003123588794551324
0.00002677361953828949
0.00002945097912743222
0.00002811229933286086
0.00002409625631116796
0.00002945097912743222
0.00003212834235455375
