0.00002588116444712796
0.00003346702283124614
0.00002855852631000744
0.00002543493746998138
0.00003391324980839272
0.00003078966119574034
0.00002588116444712796
0.00002721984537856770
0.00004283778935132432
0.00003346702305861982
0.00002677361840142112
0.00002632739142427454
0.00003257456887695298
0.00002632739119690086
0.00002588116444712796
0.00002632739142427454
0.00002632739142427454
0.00003212834189980640
0.00002543493746998138
0.00003168211492265982
0.00002588116444712796
0.00002721984537856770
0.00002588116421975428
0.00002588116444712796
0.00002588116421975428
0.00002766607235571428
0.00003168211515003350
0.00002989720701407350
0.00002543493746998138
0.00002588116444712796
0.00002900475328715402
0.00003212834212718008
0.00002588116444712796
0.00003078966096836666
0.00002677361840142112
0.00002632739119690086
0.00002721984537856770
0.00003168211492265982
0.00002588116421975428
0.00002721984537856770
0.00002498871049283480
0.00003302079585409956
0.00002543493746998138
0.00002588116444712796
0.00002721984537856770
0.00003123588817288692
0.00002588116444712796
0.00002855852608263376
0.00002766607235571428
0.00003123588817288692
0.00003346702283124614
0.00003078966096836666
0.00003078966119574034
0.00002721984515119402
0.00003302079608147324
0.00002454248351568822
0.00002632739142427454
0.00002543493746998138
0.00002632739142427454
0.00003078966096836666
0.00002588116444712796
0.00003123588817288692
0.00003123588794551324
0.00002543493746998138
0.00002677361840142112
0.00002632739142427454
0.00003034343399122008
0.00002543493746998138
0.00002454248351568822
0.00003123588794551324
0.00002900475305978034
0.00002632739142427454
0.00002632739142427454
0.00002588116444712796
0.00002855852608263376
0.00002543493724260770
0.00002632739119690086
0.00002632739142427454
0.00002766607212834060
0.00002677361840142112
0.00003168211492265982
0.00002588116444712796
0.00002588116444712796
0.00002632739142427454
0.00003123588794551324
0.00002811229933286086
0.00002543493724260770
0.00003480570376268588
0.00002588116444712796
0.00002989720701407350
0.00002900475328715402
0.00002677361817404744
0.00002632739142427454
0.00003212834212718008
0.00002588116444712796
0.00003168211515003350
0.00003168211515003350
0.00002632739142427454
0.00002498871049283480
0.00002632739142427454
0.00002543493746998138
0.00002632739142427454
0.00003168211515003350
0.00002632739142427454
0.00003078966096836666
0.00003257456910432666
0.00002677361840142112
0.00002632739142427454
0.00003123588794551324
0.00003302079608147324
0.00003123588817288692
0.00002811229933286086
0.00002945098003692692
0.00002677361840142112
0.00002498871049283480
0.00003525193073983246
0.00002945098026430060
0.00002677361840142112
0.00002543493746998138
0.00003212834189980640
0.00002632739142427454
0.00003302079585409956
0.00002498871049283480
0.00002543493724260770
0.00002721984537856770
0.00003212834189980640
0.00002454248351568822
0.00002498871049283480
0.00003168211492265982
0.00002855852608263376
0.00002721984515119402
0.00002588116444712796
0.00002632739142427454
0.00003302079608147324
0.00002454248351568822
0.00002588116444712796
0.00002900475328715402
0.00002677361840142112
0.00003034343399122008
0.00003078966119574034
0.00002588116444712796
0.00003212834189980640
0.00002498871049283480
0.00002543493724260770
0.00002677361817404744
0.00003123588794551324
0.00003212834212718008
0.00002543493724260770
0.00002677361840142112
0.00003302079585409956
0.00002632739119690086
0.00002989720701407350
0.00003302079585409956
0.00002632739142427454
0.00002588116444712796
0.00003123588794551324
0.00002855852631000744
0.00002677361817404744
0.00003168211515003350
0.00002543493746998138
0.00002588116444712796
0.00002588116421975428
0.00002677361840142112
0.00002454248351568822
0.00002498871049283480
0.00002588116444712796
0.00002543493746998138
0.00002498871049283480
0.00002543493746998138
0.00003212834212718008
0.00002543493746998138
0.00003346702305861982
0.00003168211515003350
0.00002989720701407350
0.00003168211515003350
0.00002989720724144718
0.00002588116444712796
0.00002454248351568822
0.00003168211515003350
0.00002632739119690086
0.00002989720724144718
0.00002588116444712796
0.00003346702305861982
0.00002677361840142112
0.00002945098026430060
0.00003168211492265982
0.00003034343399122008
0.00002588116421975428
0.00003078966119574034
0.00003123588817288692
0.00003168211492265982
0.00002498871049283480
0.00002989720724144718
0.00002721984537856770
0.00002588116444712796
0.00003034343421859376
0.00002945098026430060
0.00003212834212718008
0.00002588116444712796
0.00002543493746998138
0.00002855852631000744
0.00002498871049283480
0.00002989720724144718
0.00003123588817288692
0.00003212834189980640
0.00002945098026430060
0.00002677361840142112
0.00002498871049283480
0.00002498871049283480
0.00002588116421975428
0.00003302079585409956
0.00003123588794551324
0.00002543493724260770
0.00003257456910432666
0.00002721984515119402
0.00003346702305861982
0.00002632739142427454
0.00002588116444712796
0.00002498871049283480
0.00003168211515003350
0.00002588116444712796
0.00003123588794551324
0.00002588116444712796
0.00002632739142427454
0.00002632739142427454
0.00002588116444712796
0.00002945098003692692
0.00003078966096836666
0.00002588116444712796
0.00002766607235571428
0.00002588116444712796
0.00002588116444712796
0.00002543493746998138
0.00002588116444712796
0.00003078966096836666
0.00003257456910432666
0.00003168211492265982
0.00002588116421975428
0.00002543493746998138
0.00003123588817288692
0.00002677361840142112
0.00002588116421975428
0.00002766607235571428
0.00003257456910432666
0.00002989720724144718
0.00004640760516849696
0.00003971420073867193
0.00003257456887695298
0.00003525193096720614
0.00003837551957985852
0.00002588116444712796
0.00002900475305978034
0.00028692394312201941
0.00003391324980839272
0.00003034343421859376
0.00002632739142427454
0.00003078966119574034
0.00003212834212718008
0.00005622459866572171
0.00003391325003576640
0.00003882174496538937
0.00003569815817172639
0.00002945097912743222
0.00002945098094642162
0.00003614438355725724
0.00003435947655816562
0.00002588116512924898
0.00002632739051477984
0.00003123588794551324
0.00002900475374190137
0.00003435947655816562
0.00002989720633195248
0.00002588116331025958
0.00002855852653738111
0.00003212834235455375
0.00002498871072020847
0.00003168211515003350
0.00003034343535546213
0.00002632739233376924
0.00002811229933286086
0.00003435947655816562
0.00002989720633195248
0.00003123588794551324
0.00003212834053556435
0.00003569815817172639
0.00003034343353647273
0.00002498871072020847
0.00002721984492382035
0.00003525193096720614
0.00003882174678437877
0.00003346702396811452
0.00002677361771930009
0.00002543493610573933
0.00002588116512924898
0.00002588116512924898
0.00002543493792472873
0.00002632739233376924
0.00003257456774008460
0.00002588116512924898
0.00003168211515003350
0.00002632739233376924
0.00002543493792472873
0.00002632739233376924
0.00002945097912743222
0.00002588116331025958
0.00003078966074099299
0.00002498870890121907
0.00003435947655816562
0.00003435947655816562
0.00003212834235455375
0.00002588116512924898
0.00002543493792472873
0.00002543493792472873
0.00002543493792472873
0.00003346702214912511
0.00002498870890121907
0.00003078966074099299
0.00002989720633195248
0.00002811229933286086
0.00004283778980607167
0.00002945097912743222
0.00003123588794551324
0.00003212834053556435
0.00002632739051477984
0.00002588116512924898
0.00002588116331025958
0.00002632739051477984
0.00003391325117263477
0.00002632739233376924
0.00003302079494460486
0.00003302079676359426
0.00002498871072020847
0.00002677361953828949
0.00003034343535546213
0.00002632739051477984
0.00003078966074099299
0.00002945098094642162
0.00002855852653738111
0.00003123588794551324
0.00002945098094642162
0.00003078966074099299
0.00002588116331025958
0.00003926797398889903
0.00003435947655816562
0.00003435947837715503
0.00002945098094642162
0.00003837551957985852
0.00002498871072020847
0.00002588116331025958
0.00002454248351568822
0.00002588116512924898
0.00002543493792472873
0.00003212834235455375
0.00003435947655816562
0.00002498870890121907
0.00002588116512924898
0.00003212834235455375
0.00003212834235455375
0.00002811229933286086
0.00002855852653738111
0.00002588116331025958
0.00002945098094642162
0.00003168211515003350
0.00002543493610573933
0.00003257456955907401
0.00002632739051477984
0.00003525193096720614
0.00003435947837715503
0.00002498871072020847
0.00003168211515003350
0.00002588116512924898
0.00002588116331025958
0.00002588116512924898
