0.00002811229926180658
0.00002588116439028454
0.00002543493742734881
0.00003212834202770409
0.00003034343413332863
0.00002632739138164197
0.00002900475321609974
0.00003123588807341093
0.00002632739136743112
0.00002900475320188889
0.00003525193082509759
0.00003034343413332863
0.00003168211505055751
0.00002632739136743112
0.00003435947688501528
0.00002677361834457770
0.00002498871045020223
0.00002945098017903547
0.00002543493742734881
0.00002855852623895316
0.00002588116440449539
0.00002632739138164197
0.00002632739136743112
0.00003168211503634666
0.00002498871046441309
0.00002588116440449539
0.00002588116440449539
0.00002766607229887086
0.00002855852623895316
0.00003302079595357554
0.00003078966109626435
0.00003123588805920008
0.00003168211505055751
0.00002588116440449539
0.00002855852623895316
0.00002588116440449539
0.00002588116440449539
0.00002945098017903547
0.00003078966109626435
0.00002498871045020223
0.00003346702294493298
0.00003212834201349324
0.00003480570384795101
0.00003257456899063982
0.00002543493744155967
0.00002855852623895316
0.00003212834201349324
0.00002543493742734881
0.00002543493742734881
0.00002588116439028454
0.00002855852623895316
0.00002454248348726651
0.00002989720715618205
0.00003123588807341093
0.00003168211505055751
0.00003302079596778640
0.00002632739138164197
0.00003034343413332863
0.00003346702294493298
0.00003034343411911777
0.00002632739136743112
0.00003168211505055751
0.00003212834201349324
0.00003257456897642896
0.00002543493744155967
0.00003078966109626435
0.00003346702293072212
0.00003078966109626435
0.00002588116440449539
0.00002543493742734881
0.00002855852623895316
0.00002766607228466000
0.00003346702294493298
0.00003168211505055751
0.00002454248348726651
0.00003034343413332863
0.00003391324990786870
0.00002543493742734881
0.00002632739138164197
0.00003123588807341093
0.00002632739136743112
0.00003168211503634666
0.00003212834201349324
0.00002588116440449539
0.00002498871046441309
0.00002632739138164197
0.00002632739138164197
0.00002855852623895316
0.00002543493742734881
0.00002543493742734881
0.00003123588807341093
0.00002498871046441309
0.00003078966109626435
0.00003346702294493298
0.00003391324990786870
0.00003257456899063982
0.00003168211505055751
0.00002811229927601744
0.00003748306568240878
0.00002945098017903547
0.00002498871046441309
0.00002677361835878855
0.00002989720715618205
0.00003525193082509759
0.00002900475320188889
0.00002588116440449539
0.00002588116440449539
0.00002766607228466000
0.00003078966109626435
0.00002588116440449539
0.00002588116440449539
0.00003034343411911777
0.00003257456899063982
0.00002632739136743112
0.00003212834202770409
0.00003123588807341093
0.00002543493742734881
0.00003302079595357554
0.00002945098017903547
0.00002543493744155967
0.00003123588807341093
0.00002811229926180658
0.00002588116440449539
0.00003123588807341093
0.00003480570384795101
0.00002588116440449539
0.00003034343413332863
0.00003034343411911777
0.00002588116439028454
0.00002677361834457770
0.00002632739136743112
0.00003391324990786870
0.00002632739136743112
0.00003346702294493298
0.00003168211505055751
0.00003926797357678424
0.00002766607229887086
0.00003257456899063982
0.00002543493742734881
0.00002632739138164197
0.00002766607228466000
0.00002588116440449539
0.00003212834201349324
0.00003168211503634666
0.00002588116440449539
0.00003123588805920008
0.00003078966109626435
0.00002588116440449539
0.00002766607229887086
0.00003034343413332863
0.00003034343413332863
0.00002588116440449539
0.00003168211503634666
0.00002900475320188889
0.00003168211503634666
0.00003302079595357554
0.00003034343413332863
0.00003212834201349324
0.00002498871045020223
0.00002588116440449539
0.00003257456899063982
0.00002989720715618205
0.00003034343413332863
0.00002989720715618205
0.00003123588807341093
0.00003659061174232647
0.00003257456899063982
0.00003168211505055751
0.00003346702293072212
0.00003078966111047521
0.00003391324990786870
0.00003257456899063982
0.00002989720715618205
0.00002588116440449539
0.00003034343413332863
0.00002945098017903547
0.00003078966111047521
0.00003212834201349324
0.00002588116440449539
0.00003078966109626435
0.00002632739136743112
0.00002588116440449539
0.00003302079595357554
0.00002498871045020223
0.00003123588807341093
0.00003302079596778640
0.00003435947688501528
0.00002900475321609974
0.00003257456899063982
0.00002543493742734881
0.00003882174661384852
0.00003212834201349324
0.00003391324990786870
0.00002588116440449539
0.00002588116440449539
0.00002588116439028454
0.00003034343411911777
0.00002632739136743112
0.00003257456899063982
0.00002989720715618205
0.00002588116440449539
0.00002543493744155967
0.00003257456899063982
0.00003168211505055751
0.00002632739138164197
0.00003302079596778640
0.00003078966109626435
0.00003168211505055751
0.00003123588807341093
0.00003078966109626435
0.00002945098017903547
0.00002498871046441309
0.00002588116439028454
0.00003212834201349324
0.00002498871046441309
0.00003302079596778640
0.00002989720715618205
0.00002900475320188889
0.00003257456899063982
0.00003123588807341093
0.00002989720715618205
0.00002721984532172428
0.00003078966109626435
0.00002632739136743112
0.00003034343411911777
0.00002543493742734881
0.00002588116440449539
0.00002989720714197119
0.00003212834201349324
0.00002811229926180658
0.00003792929265955536
0.00002989720715618205
0.00003525193081088673
0.00003391324990786870
0.00003034343413332863
0.00002945098017903547
0.00002588116440449539
0.00002811229926180658
0.00003123588807341093
0.00002543493744155967
0.00002677361835878855
0.00002900475321609974
0.00003123588807341093
0.00002766607228466000
0.00002900475321609974
0.00002811229926180658
0.00002766607229887086
0.00003123588807341093
0.00003569815780224417
0.00003123588805920008
0.00002766607229887086
0.00003212834202770409
0.00002543493742734881
0.00002989720714197119
0.00003123588805920008
0.00003123588807341093
0.00002900475321609974
0.00003078966111047521
0.00002677361834457770
0.00003302079596778640
0.00002989720715618205
0.00002498871045020223
0.00002945098017903547
0.00003212834201349324
0.00002632739138164197
0.00002588116440449539
0.00002989720715618205
0.00002989720715618205
0.00003926797357678424
0.00002989720715618205
0.00003123588807341093
0.00002543493742734881
0.00002632739138164197
0.00003257456899063982
0.00002945098017903547
0.00002632739138164197
0.00003123588807341093
0.00003034343413332863
0.00002632739136743112
0.00004016042751686655
0.00003212834201349324
0.00003302079595357554
0.00002900475321609974
0.00003123588807341093
0.00003168211505055751
0.00003212834202770409
0.00003346702293072212
0.00002588116440449539
0.00002409625651011993
0.00003302079595357554
0.00003257456899063982
0.00002855852623895316
0.00002811229927601744
0.00002588116440449539
0.00003034343413332863
0.00002543493742734881
0.00002454248348726651
0.00003168211505055751
0.00003168211505055751
0.00003078966109626435
0.00003123588807341093
0.00002989720714197119
0.00002989720715618205
0.00003123588807341093
0.00003034343413332863
0.00003168211505055751
0.00002588116440449539
0.00003168211503634666
0.00002409625651011993
0.00003212834201349324
0.00003123588807341093
0.00002498871046441309
0.00003257456899063982
0.00002900475321609974
0.00002588116440449539
0.00003123588807341093
0.00002811229926180658
0.00002498871046441309
0.00002811229927601744
0.00003034343411911777
0.00002811229926180658
0.00002811229926180658
0.00003123588807341093
0.00003212834201349324
0.00002498871045020223
0.00002677361834457770
0.00002721984532172428
0.00002454248348726651
0.00003078966109626435
0.00003391324990786870
0.00003168211503634666
0.00003212834201349324
0.00002498871046441309
0.00003168211503634666
0.00002543493742734881
0.00003257456899063982
0.00002945098017903547
0.00002543493742734881
0.00003034343413332863
0.00002945098017903547
0.00002945098017903547
0.00002677361834457770
0.00002900475321609974
0.00003257456899063982
0.00003034343413332863
0.00003302079596778640
0.00002543493742734881
0.00003078966111047521
0.00003302079596778640
0.00003168211503634666
0.00003123588807341093
0.00003034343411911777
0.00003212834201349324
0.00002543493742734881
0.00002498871046441309
0.00003168211503634666
0.00002543493744155967
0.00003257456897642896
0.00002588116440449539
0.00002588116439028454
0.00002766607228466000
0.00003034343413332863
0.00002588116440449539
0.00002900475321609974
0.00003123588807341093
0.00003078966109626435
0.00002588116440449539
0.00003123588807341093
0.00002989720715618205
0.00002498871045020223
0.00003168211505055751
0.00002855852623895316
0.00002945098017903547
