0.00002632739139585283
0.00004239156237417774
0.00003837551963670194
0.00002766607229887086
0.00003882174661384852
0.00002811229924759573
0.00002588116439028454
0.00002766607227044915
0.00002766607229887086
0.00002855852622474231
0.00003078966111047521
0.00007050386165019518
0.00002543493741313796
0.00002900475323031060
0.00002588116439028454
0.00002588116441870625
0.00002945098020745718
0.00003435947687080443
0.00003078966111047521
0.00003346702291651127
0.00002989720715618205
0.00003168211503634666
0.00002543493744155967
0.00002989720715618205
0.00003212834204191495
0.00002543493744155967
0.00002721984532172428
0.00002588116441870625
0.00003168211503634666
0.00003123588808762179
0.00002543493744155967
0.00003391324989365785
0.00002900475320188889
0.00002498871046441309
0.00003123588805920008
0.00002632739136743112
0.00002588116441870625
0.00002677361834457770
0.00002588116439028454
0.00002945098017903547
0.00003168211506476837
0.00003346702291651127
0.00002855852622474231
0.00003302079596778640
0.00002588116441870625
0.00003391324992207956
0.00002721984532172428
0.00002543493744155967
0.00003212834204191495
0.00003078966111047521
0.00003034343413332863
0.00003302079596778640
0.00002632739139585283
0.00003123588805920008
0.00003078966111047521
0.00003034343413332863
0.00003123588805920008
0.00003257456899063982
0.00003078966111047521
0.00003302079596778640
0.00003168211503634666
0.00002632739136743112
0.00002632739136743112
0.00002632739139585283
0.00003212834201349324
0.00003078966111047521
0.00003302079593936469
0.00003302079596778640
0.00002721984532172428
0.00003078966108205350
0.00002588116439028454
0.00002543493744155967
0.00003168211506476837
0.00003212834201349324
0.00003168211506476837
0.00002543493744155967
0.00003346702291651127
0.00003034343413332863
0.00003257456899063982
0.00002588116439028454
0.00003257456899063982
0.00003257456899063982
0.00003123588805920008
0.00003078966108205350
0.00002588116441870625
0.00002989720715618205
0.00003346702294493298
0.00002632739136743112
0.00002989720715618205
0.00002498871046441309
0.00002677361834457770
0.00002588116439028454
0.00003168211503634666
0.00003212834201349324
0.00002632739136743112
0.00003123588805920008
0.00003168211506476837
0.00002855852625316402
0.00003034343410490692
0.00002677361837299941
0.00003078966111047521
0.00003302079593936469
0.00002989720715618205
0.00002900475320188889
0.00003212834201349324
0.00002855852622474231
0.00003034343413332863
0.00003078966108205350
0.00003168211503634666
0.00003435947687080443
0.00002632739136743112
0.00003168211503634666
0.00003123588808762179
0.00002632739136743112
0.00003168211503634666
0.00002677361834457770
0.00002989720715618205
0.00002632739139585283
0.00002900475320188889
0.00003123588808762179
0.00002588116441870625
0.00002989720715618205
0.00003034343413332863
0.00003302079596778640
0.00002588116439028454
0.00003212834201349324
0.00003703683873368391
0.00002766607229887086
0.00002989720715618205
0.00002543493744155967
0.00003078966111047521
0.00002632739139585283
0.00003212834201349324
0.00003123588808762179
0.00002855852622474231
0.00003257456899063982
0.00003257456899063982
0.00003168211503634666
0.00002945098017903547
0.00003078966108205350
0.00002543493744155967
0.00003212834201349324
0.00002989720715618205
0.00003212834201349324
0.00002945098017903547
0.00003257456899063982
0.00002543493744155967
0.00002945098017903547
0.00003257456899063982
0.00002989720715618205
0.00002543493744155967
0.00003168211503634666
0.00002632739139585283
0.00003302079596778640
0.00002543493744155967
0.00003034343413332863
0.00002811229924759573
0.00002632739136743112
0.00003034343413332863
0.00003302079593936469
0.00004060665449401313
0.00002543493744155967
0.00003123588805920008
0.00003078966111047521
0.00002588116439028454
0.00002900475320188889
0.00003569815780224417
0.00002900475320188889
0.00002900475320188889
0.00003302079596778640
0.00002543493744155967
0.00002766607229887086
0.00002989720715618205
0.00003034343413332863
0.00002677361834457770
0.00002855852622474231
0.00002766607229887086
0.00002186512165280874
0.00002543493741313796
0.00002945098017903547
0.00002721984532172428
0.00002632739139585283
0.00002945098017903547
0.00003168211503634666
0.00002677361834457770
0.00003346702294493298
0.00002498871046441309
0.00002588116439028454
0.00003123588805920008
0.00003302079596778640
0.00002721984532172428
0.00003212834201349324
0.00002588116439028454
0.00002632739136743112
0.00002498871043599138
0.00002588116441870625
0.00003302079596778640
0.00002632739136743112
0.00002945098017903547
0.00002855852625316402
0.00003212834201349324
0.00003168211506476837
0.00003302079596778640
0.00003123588805920008
0.00002677361834457770
0.00002766607229887086
0.00002543493744155967
0.00003168211503634666
0.00003123588808762179
0.00003123588808762179
0.00002811229927601744
0.00003123588805920008
0.00002855852622474231
0.00002989720715618205
0.00003168211503634666
0.00003346702294493298
0.00002945098017903547
0.00003034343413332863
0.00002945098017903547
0.00003168211503634666
0.00003346702291651127
0.00003123588805920008
0.00003212834204191495
0.00003435947687080443
0.00003212834201349324
0.00003212834201349324
0.00003212834204191495
0.00003168211503634666
0.00003078966111047521
0.00002766607229887086
0.00002632739136743112
0.00003078966108205350
0.00003302079596778640
0.00003614438475096904
0.00003480570384795101
0.00002900475320188889
0.00002543493741313796
0.00002811229927601744
0.00002945098017903547
0.00002900475320188889
0.00002855852622474231
0.00003212834201349324
0.00002632739139585283
0.00002543493744155967
0.00002409625651011993
0.00004730005909436841
0.00002989720715618205
0.00002989720712776034
0.00003123588808762179
0.00002900475323031060
0.00003168211503634666
0.00002900475320188889
0.00003302079596778640
0.00002275757557868019
0.00003168211506476837
0.00003257456899063982
0.00002811229927601744
0.00003435947687080443
0.00003792929265955536
0.00002855852625316402
0.00003346702291651127
0.00002543493744155967
0.00002989720715618205
0.00002900475323031060
0.00003078966111047521
0.00003034343413332863
0.00003078966108205350
0.00002498871046441309
0.00003212834204191495
0.00002945098017903547
0.00003346702291651127
0.00002766607227044915
0.00003168211503634666
0.00003302079596778640
0.00003212834204191495
0.00002677361834457770
0.00002766607229887086
0.00002677361834457770
0.00003257456899063982
0.00002632739136743112
0.00003480570384795101
0.00003525193079667588
0.00003569815777382246
0.00002632739136743112
0.00003168211506476837
0.00002945098017903547
0.00003212834201349324
0.00003078966111047521
0.00003346702294493298
0.00002588116441870625
0.00002588116439028454
0.00003034343413332863
0.00003257456899063982
0.00003257456899063982
0.00002945098017903547
0.00003123588805920008
0.00003257456899063982
0.00003525193082509759
0.00003078966111047521
0.00003034343413332863
0.00002989720715618205
0.00002811229927601744
0.00003168211503634666
0.00002543493741313796
0.00003168211503634666
0.00002766607227044915
0.00002588116441870625
0.00003391324992207956
0.00002766607229887086
0.00003123588805920008
0.00003078966111047521
0.00002588116441870625
0.00002945098017903547
0.00002543493744155967
0.00002677361834457770
0.00003034343413332863
0.00003257456896221811
0.00002945098017903547
0.00002721984532172428
0.00003034343413332863
0.00003257456899063982
0.00002588116441870625
0.00003302079596778640
0.00003078966111047521
0.00002677361834457770
0.00003034343413332863
0.00003212834201349324
0.00003078966111047521
0.00003257456899063982
0.00002989720715618205
0.00002989720715618205
0.00002588116441870625
0.00003078966111047521
0.00003346702294493298
0.00002588116439028454
0.00002989720715618205
0.00003034343413332863
0.00003034343413332863
0.00002945098017903547
0.00003034343410490692
0.00003123588805920008
0.00002588116441870625
0.00003168211506476837
0.00002855852625316402
0.00002498871046441309
0.00003034343413332863
0.00003212834201349324
0.00002588116439028454
0.00003168211503634666
0.00002989720715618205
0.00003034343413332863
0.00002945098017903547
0.00003123588805920008
0.00002677361834457770
0.00003391324989365785
0.00003212834204191495
0.00002945098017903547
0.00003302079596778640
0.00002588116439028454
0.00003078966108205350
0.00004016042751686655
0.00002811229924759573
0.00003078966111047521
0.00003212834201349324
0.00002632739136743112
0.00002588116439028454
0.00003346702294493298
0.00002588116441870625
0.00002766607229887086
0.00002989720715618205
0.00003212834201349324
0.00003971420053971997
0.00003212834201349324
