0.00000446226840722375
0.00000803208422439639
0.00000401604302169289
0.00000713963163434528
0.00000401604120270349
0.00000401604302169289
0.00000401604302169289
0.00000446226840722375
0.00000446226840722375
0.00000446227022621315
0.00000401604302169289
0.00000446226840722375
0.00000401604120270349
0.00000401604302169289
0.00000356981581717264
0.00000446226840722375
0.00000446227022621315
0.00000356981581717264
0.00000446227022621315
0.00000401604120270349
0.00000356981581717264
0.00000624717904429417
0.00000356981581717264
0.00000401604120270349
0.00000356981581717264
0.00000446227022621315
0.00000401604120270349
0.00000401604302169289
0.00000446227022621315
0.00000713963163434528
0.00000401604302169289
0.00000401604302169289
0.00000401604120270349
0.00000401604302169289
0.00000401604302169289
0.00000490849743073341
0.00000446226840722375
0.00000401604302169289
0.00000401604302169289
0.00000401604302169289
0.00000401604302169289
0.00000401604302169289
0.00000490849743073341
0.00000446227022621315
0.00000401604120270349
0.00000758585883886553
0.00000401604302169289
0.00000446227022621315
0.00000401604302169289
0.00000490849743073341
0.00000490849743073341
0.00000401604120270349
0.00000401604120270349
0.00000401604302169289
0.00000401604302169289
0.00000356981581717264
0.00000356981581717264
0.00000401604120270349
0.00000401604302169289
0.00000356981581717264
0.00000446227022621315
0.00000446227022621315
0.00000401604302169289
0.00000446227022621315
0.00000401604302169289
0.00000401604302169289
0.00000401604302169289
0.00000446227022621315
0.00000401604302169289
0.00000446227022621315
0.00000446227022621315
0.00000401604302169289
0.00000446226840722375
0.00000401604120270349
0.00000401604302169289
0.00000446227022621315
0.00000356981581717264
0.00000535472463525366
0.00000401604302169289
0.00000490849743073341
0.00000446227022621315
0.00000446227022621315
0.00000401604302169289
0.00000401604120270349
0.00000446227022621315
0.00000446226840722375
0.00000803208422439639
0.00000401604302169289
0.00000401604302169289
0.00000446226840722375
0.00000401604302169289
0.00000401604302169289
0.00000401604302169289
0.00000446226840722375
0.00000401604302169289
0.00000446226840722375
0.00000401604302169289
0.00000401604302169289
0.00000401604302169289
0.00000401604302169289
0.00000401604302169289
0.00000401604302169289
0.00000446227022621315
0.00000401604302169289
0.00000401604302169289
0.00000401604302169289
0.00000401604302169289
0.00000401604302169289
0.00000624717722530477
0.00000356981581717264
0.00000490849743073341
0.00000401604302169289
0.00000446227022621315
0.00000446227022621315
0.00000446226840722375
0.00000401604302169289
0.00000446227022621315
0.00000401604302169289
0.00000401604302169289
0.00000446226840722375
0.00000401604302169289
0.00000401604120270349
0.00000401604302169289
0.00000401604302169289
0.00000401604302169289
0.00000446226840722375
0.00000401604302169289
0.00000446227022621315
0.00000446226840722375
0.00000981699304247741
0.00000401604302169289
0.00000401604302169289
0.00000446226840722375
0.00000401604302169289
0.00000401604302169289
0.00000401604120270349
0.00000401604302169289
0.00000401604302169289
0.00000401604302169289
0.00000446226840722375
0.00000401604302169289
0.00000490849561174400
0.00000356981581717264
0.00000446226840722375
0.00000401604302169289
0.00000446227022621315
0.00000446227022621315
0.00000401604302169289
0.00000401604302169289
0.00000446227022621315
0.00000401604302169289
0.00000401604302169289
0.00000446227022621315
0.00000401604302169289
0.00000401604302169289
0.00000401604302169289
0.00000401604302169289
0.00000401604120270349
0.00000401604302169289
0.00000401604302169289
0.00000401604302169289
0.00000401604302169289
0.00000401604120270349
0.00000401604302169289
0.00000401604302169289
0.00000446227022621315
0.00000401604302169289
0.00000401604302169289
0.00000401604302169289
0.00000401604120270349
0.00000401604302169289
0.00000401604302169289
0.00000669340442982502
0.00000401604302169289
0.00000446226840722375
0.00000446227022621315
0.00000401604302169289
0.00000401604302169289
0.00000937076583795715
0.00000401604302169289
0.00000446227022621315
0.00000401604302169289
0.00000446226840722375
0.00000401604302169289
0.00000446227022621315
0.00000446227022621315
0.00000401604302169289
0.00000401604302169289
0.00000356981581717264
0.00000669340442982502
0.00000446227022621315
0.00000401604302169289
0.00000401604120270349
0.00000401604302169289
0.00000401604302169289
0.00000401604302169289
0.00000401604302169289
0.00000758585883886553
0.00000446227022621315
0.00000401604120270349
0.00000446227022621315
0.00000446227022621315
0.00000401604302169289
0.00000446227022621315
0.00000401604302169289
0.00000401604302169289
0.00000401604302169289
0.00000401604302169289
0.00000446226840722375
0.00000401604302169289
0.00000401604302169289
0.00000401604302169289
0.00000401604302169289
0.00000446227022621315
0.00000446226840722375
0.00000401604302169289
0.00000401604120270349
0.00000401604302169289
0.00000446227022621315
0.00000446226840722375
0.00000446227022621315
0.00000401604302169289
0.00000356981581717264
0.00000401604302169289
0.00000401604302169289
0.00000401604302169289
0.00000401604302169289
0.00000401604120270349
0.00000446226840722375
0.00000401604302169289
0.00000401604302169289
0.00000490849561174400
0.00000401604120270349
0.00000401604302169289
0.00000356981581717264
0.00000401604302169289
0.00000401604302169289
0.00000446227022621315
0.00000401604302169289
0.00000446226840722375
0.00000401604302169289
0.00000401604302169289
0.00000446227022621315
0.00000401604302169289
0.00000401604302169289
0.00000490849743073341
0.00000401604302169289
0.00000446227022621315
0.00000446226840722375
0.00000401604302169289
0.00000401604302169289
0.00000490849743073341
0.00000401604302169289
0.00000401604302169289
0.00000401604302169289
0.00000401604302169289
0.00000446227022621315
0.00000401604120270349
0.00000401604120270349
0.00000446226840722375
0.00000669340442982502
0.00000356981581717264
0.00000401604302169289
0.00000401604302169289
0.00000446227022621315
0.00000446227022621315
0.00000356981581717264
0.00000401604302169289
0.00000401604302169289
0.00000446226840722375
0.00000446227022621315
0.00000446227022621315
0.00000401604302169289
0.00000713963163434528
0.00000446227022621315
0.00000401604302169289
0.00000401604302169289
0.00000446227022621315
0.00000401604302169289
0.00000401604302169289
0.00000446227022621315
0.00000401604302169289
0.00000401604302169289
0.00000401604302169289
0.00000401604302169289
0.00000401604302169289
0.00000446227022621315
0.00000401604302169289
0.00000356981581717264
0.00000401604302169289
0.00000446226840722375
0.00000490849561174400
0.00000401604120270349
0.00000401604302169289
0.00000401604302169289
0.00000401604120270349
0.00000401604302169289
0.00000401604302169289
0.00000401604302169289
0.00000401604302169289
0.00000446226840722375
0.00000401604120270349
0.00000446227022621315
0.00000401604120270349
0.00000401604302169289
0.00000446227022621315
0.00000401604302169289
0.00000401604302169289
0.00000356981581717264
0.00000446226840722375
0.00000446227022621315
0.00000446226840722375
0.00000401604302169289
0.00000401604120270349
0.00000401604302169289
0.00000446227022621315
0.00000580095183977392
0.00000446226840722375
0.00000446227022621315
0.00000401604302169289
0.00000401604120270349
0.00000446226840722375
0.00000401604302169289
0.00000758585701987613
0.00000446227022621315
0.00000401604120270349
0.00000446227022621315
0.00000401604120270349
0.00000446227022621315
0.00000446226840722375
0.00000401604302169289
0.00000446226840722375
0.00000401604302169289
0.00000446227022621315
0.00000401604302169289
0.00000580095183977392
0.00000401604302169289
0.00000401604302169289
0.00000401604302169289
0.00000713963163434528
0.00000401604302169289
0.00000580095183977392
0.00000401604302169289
0.00000401604302169289
0.00000446227022621315
0.00000446227022621315
0.00000401604302169289
0.00000446227022621315
0.00000624717722530477
0.00000401604302169289
0.00000401604302169289
0.00000401604302169289
0.00000401604302169289
0.00000401604302169289
0.00000401604302169289
0.00000446226840722375
0.00000713963163434528
0.00000446227022621315
0.00000401604302169289
0.00000490849561174400
0.00000401604302169289
0.00000401604302169289
0.00000446227022621315
0.00000401604302169289
0.00000535472463525366
0.00000401604302169289
0.00000446226840722375
0.00000401604302169289
0.00000401604302169289
0.00000401604302169289
0.00000401604302169289
0.00000401604302169289
0.00000580095183977392
