0.00000937076642060219
0.00000758585853333216
0.00001026322036778993
0.00000669340458614442
0.00000713963155618558
0.00000624717761610327
0.00000892453944345561
0.00000580095064606212
0.00000803208550337331
0.00000624717760899784
0.00000624717761610327
0.00000758585852622673
0.00000758585852622673
0.00000981699339064335
0.00000580095064606212
0.00000713963155618558
0.00000847831248051989
0.00000624717761610327
0.00000580095063895669
0.00000981699339064335
0.00001204812825505996
0.00000847831247341446
0.00000624717761610327
0.00000624717760899784
0.00001026322036778993
0.00000937076642060219
0.00000580095063895669
0.00000624717761610327
0.00000669340458614442
0.00000713963156329100
0.00001115567430787223
0.00000580095063895669
0.00000580095063895669
0.00000758585853333216
0.00000580095063895669
0.00000580095063895669
0.00001115567431497766
0.00000669340458614442
0.00000580095064606212
0.00000624717761610327
0.00000580095063895669
0.00000624717761610327
0.00000624717761610327
0.00000758585853333216
0.00000580095064606212
0.00000580095064606212
0.00000981699339064335
0.00001070944733783108
0.00000624717761610327
0.00000624717761610327
0.00001204812826216539
0.00000624717760899784
0.00000624717761610327
0.00000580095063895669
0.00000580095063895669
0.00001115567430787223
0.00000624717761610327
0.00000624717761610327
0.00000892453945056104
0.00000580095063895669
0.00000713963155618558
0.00001026322036778993
0.00000624717761610327
0.00000713963155618558
0.00000624717761610327
0.00001160190128501881
0.00000669340458614442
0.00000624717760899784
0.00001294058220224770
0.00001294058220224770
0.00000624717761610327
0.00000713963155618558
0.00001026322036778993
0.00000580095064606212
0.00000624717761610327
0.00000624717760899784
0.00000580095064606212
0.00000580095064606212
0.00000713963155618558
0.00000624717761610327
0.00000758585852622673
0.00000669340458614442
0.00001160190128501881
0.00000624717761610327
0.00000580095063895669
0.00000713963156329100
0.00000580095063895669
0.00000624717761610327
0.00001115567430787223
0.00001026322036778993
0.00000624717761610327
0.00000624717761610327
0.00001070944733783108
0.00000624717761610327
0.00000937076642060219
0.00000624717760899784
0.00000937076642060219
0.00000580095064606212
0.00000580095063895669
0.00000981699339064335
0.00000937076642060219
0.00000847831247341446
0.00000624717760899784
0.00000624717761610327
0.00001070944733783108
0.00000669340458614442
0.00000669340458614442
0.00000713963155618558
0.00000624717761610327
0.00000713963155618558
0.00000624717761610327
0.00001115567430787223
0.00000669340458614442
0.00000624717760899784
0.00000981699339774877
0.00000624717761610327
0.00000669340458614442
0.00000892453945056104
0.00000758585853333216
0.00000669340459324985
0.00000669340458614442
0.00001204812825505996
0.00000713963156329100
0.00000624717761610327
0.00000981699339064335
0.00000624717761610327
0.00000624717761610327
0.00001204812825505996
0.00000713963155618558
0.00000669340458614442
0.00000803208550337331
0.00000624717760899784
0.00000937076642060219
0.00000624717760899784
0.00001115567430787223
0.00000624717761610327
0.00001026322036778993
0.00000981699339064335
0.00000624717761610327
0.00001070944733783108
0.00000624717761610327
0.00000624717761610327
0.00000713963155618558
0.00000758585853333216
0.00000624717760899784
0.00000624717761610327
0.00000624717760899784
0.00000580095064606212
0.00000624717761610327
0.00000713963155618558
0.00000669340459324985
0.00000981699339774877
0.00000758585853333216
0.00000624717761610327
0.00000624717761610327
0.00000624717761610327
0.00000580095064606212
0.00000758585853333216
0.00000669340458614442
0.00000981699339064335
0.00000624717761610327
0.00000624717761610327
0.00000892453945056104
0.00000624717761610327
0.00000624717761610327
0.00000713963155618558
0.00000624717760899784
0.00000669340458614442
0.00000580095063895669
0.00000624717761610327
0.00000624717761610327
0.00000624717761610327
0.00000624717761610327
0.00000624717761610327
0.00000580095063895669
0.00000892453945056104
0.00000624717761610327
0.00001070944733783108
0.00001294058219514227
0.00000758585853333216
0.00000713963155618558
0.00000580095064606212
0.00001070944733783108
0.00000669340459324985
0.00000580095064606212
0.00003837551962959651
0.00000624717761610327
0.00000624717761610327
0.00001026322036778993
0.00000758585852622673
0.00000624717761610327
0.00000892453945056104
0.00000580095063895669
0.00000937076642060219
0.00000981699339774877
0.00001204812826216539
0.00000669340458614442
0.00000713963155618558
0.00000624717761610327
0.00000624717761610327
0.00000713963155618558
0.00000713963155618558
0.00001070944733783108
0.00000624717761610327
0.00000624717760899784
0.00001026322036068450
0.00001115567430787223
0.00001115567430787223
0.00000937076642060219
0.00000758585852622673
0.00000758585853333216
0.00000624717760899784
0.00000669340458614442
0.00000892453945056104
0.00000758585853333216
0.00000624717760899784
0.00000624717760899784
0.00000892453945056104
0.00000624717760899784
0.00000624717761610327
0.00000669340458614442
0.00000624717761610327
0.00000624717761610327
0.00000624717760899784
0.00000624717761610327
0.00000937076642060219
0.00000624717761610327
0.00000937076642060219
0.00000669340458614442
0.00000669340458614442
0.00001026322036778993
0.00000669340458614442
0.00000669340458614442
0.00000624717761610327
0.00000624717760899784
0.00000758585852622673
0.00000669340458614442
0.00000937076642060219
0.00001070944733783108
0.00000803208550337331
0.00000713963155618558
0.00000624717761610327
0.00000669340459324985
0.00000713963155618558
0.00000624717761610327
0.00000937076642060219
0.00000580095063895669
0.00000580095064606212
0.00001026322036068450
0.00000758585853333216
0.00000847831248051989
0.00000758585852622673
0.00000624717760899784
0.00001115567430787223
0.00000624717761610327
0.00001026322036778993
0.00000758585853333216
0.00000624717761610327
0.00000713963155618558
0.00000624717760899784
0.00000713963155618558
0.00000490849669176896
0.00000713963156329100
0.00001026322036778993
0.00000624717761610327
0.00000669340458614442
0.00000580095063895669
0.00000981699339774877
0.00000580095064606212
0.00000624717761610327
0.00000847831247341446
0.00000803208550337331
0.00000803208551047874
0.00000713963155618558
0.00000624717760899784
0.00000669340459324985
0.00000713963155618558
0.00001026322036778993
0.00000624717761610327
0.00000624717760899784
0.00000847831247341446
0.00000624717761610327
0.00000624717761610327
0.00000758585853333216
0.00000624717761610327
0.00001204812825505996
0.00000669340458614442
0.00000669340458614442
0.00000669340458614442
0.00000624717761610327
0.00000669340458614442
0.00000669340458614442
0.00000624717761610327
0.00000580095063895669
0.00000624717760899784
0.00000758585853333216
0.00000624717761610327
0.00000892453944345561
0.00001026322036068450
0.00000669340458614442
0.00000624717761610327
0.00000624717760899784
0.00000624717761610327
0.00000758585853333216
0.00000624717761610327
0.00000580095063895669
0.00000892453944345561
0.00000803208551047874
0.00000624717761610327
0.00000580095063895669
0.00001070944733783108
0.00000669340458614442
0.00000624717761610327
0.00000937076642060219
0.00000669340458614442
0.00000580095063895669
0.00000892453944345561
0.00000937076642060219
0.00000624717761610327
0.00001160190127791338
0.00000669340458614442
0.00000669340458614442
0.00000713963156329100
0.00001204812825505996
0.00001204812825505996
0.00000624717761610327
0.00000847831247341446
0.00000624717761610327
0.00000669340458614442
0.00000669340458614442
0.00000758585853333216
0.00000669340458614442
0.00000624717761610327
0.00000624717761610327
0.00000758585853333216
0.00000580095063895669
0.00001249435523220654
0.00000669340458614442
0.00000624717761610327
0.00001294058220224770
0.00001115567431497766
0.00000624717761610327
0.00000713963155618558
0.00001115567431497766
0.00000624717761610327
0.00000981699339774877
0.00000713963155618558
0.00000624717761610327
0.00000803208550337331
0.00000624717761610327
0.00000624717761610327
0.00000624717761610327
0.00000713963155618558
0.00000892453945056104
0.00000624717761610327
0.00000803208550337331
0.00001606417101385205
0.00000669340458614442
0.00000758585852622673
0.00000713963155618558
0.00000713963155618558
0.00000624717761610327
0.00000624717760899784
0.00000892453944345561
0.00000937076642770762
0.00000624717761610327
0.00000803208550337331
0.00000624717761610327
0.00000580095064606212
0.00000937076642060219
0.00000669340458614442
0.00000624717760899784
0.00000624717760899784
