0.00000847831245209818
0.00000803208547495160
0.00000847831245209818
0.00001026322036068450
0.00000892453954293160
0.00000803208558863844
0.00001606417106359004
0.00000847831245209818
0.00000847831256578502
0.00000803208547495160
0.00000847831245209818
0.00000892453942924476
0.00000847831245209818
0.00000847831245209818
0.00000803208547495160
0.00001070944733783108
0.00000803208558863844
0.00000803208547495160
0.00000847831245209818
0.00000803208547495160
0.00000803208558863844
0.00001160190129212424
0.00000847831245209818
0.00001026322036068450
0.00001383303617785714
0.00003302079596778640
0.00000847831245209818
0.00001070944733783108
0.00000758585849780502
0.00000803208547495160
0.00000847831256578502
0.00000758585849780502
0.00000847831245209818
0.00000937076640639134
0.00000803208547495160
0.00000981699349722476
0.00000981699338353792
0.00000847831245209818
0.00000803208558863844
0.00001160190129212424
0.00000803208547495160
0.00000847831256578502
0.00000847831245209818
0.00000847831256578502
0.00000758585849780502
0.00000803208547495160
0.00000803208558863844
0.00000847831245209818
0.00000847831245209818
0.00000847831245209818
0.00000892453942924476
0.00000937076640639134
0.00000981699338353792
0.00000803208558863844
0.00000758585849780502
0.00000937076640639134
0.00000803208558863844
0.00001115567431497766
0.00001338680920071056
0.00000892453954293160
0.00001070944733783108
0.00000892453954293160
0.00000892453942924476
0.00000803208547495160
0.00000847831245209818
0.00001160190129212424
0.00000937076652007818
0.00000892453942924476
0.00000803208547495160
0.00000803208547495160
0.00000758585861149186
0.00000892453954293160
0.00000892453931555792
0.00000847831256578502
0.00000803208536126476
0.00000847831256578502
0.00000847831256578502
0.00001249435513273056
0.00000937076652007818
0.00000892453931555792
0.00000847831256578502
0.00000892453954293160
0.00000847831233841134
0.00000803208558863844
0.00001115567442866450
0.00000803208558863844
0.00000847831233841134
0.00000847831233841134
0.00000803208558863844
0.00000847831256578502
0.00001070944722414424
0.00000937076652007818
0.00000847831256578502
0.00000847831256578502
0.00000892453931555792
0.00000758585861149186
0.00000847831256578502
0.00000803208536126476
0.00001204812815558398
0.00000803208558863844
0.00000803208536126476
0.00000892453954293160
0.00000892453931555792
0.00000847831233841134
0.00000803208558863844
0.00001026322047437134
0.00000803208558863844
0.00000803208536126476
0.00000847831256578502
0.00000937076652007818
0.00000892453954293160
0.00000803208536126476
0.00000847831233841134
0.00000847831256578502
0.00000847831233841134
0.00001115567442866450
0.00000937076629270450
0.00000803208558863844
0.00000803208558863844
0.00000847831233841134
0.00001115567420129082
0.00000847831256578502
0.00001294058210987714
0.00000892453954293160
0.00000847831256578502
0.00000803208536126476
0.00000803208536126476
0.00000847831256578502
0.00000803208558863844
0.00000937076629270450
0.00000803208558863844
0.00000758585838411818
0.00000847831233841134
0.00000803208536126476
0.00001026322047437134
0.00001026322047437134
0.00000847831233841134
0.00000981699349722476
0.00000803208536126476
0.00000758585861149186
0.00000803208536126476
0.00000803208536126476
0.00000892453931555792
0.00000847831256578502
0.00001115567420129082
0.00000981699326985108
0.00000758585838411818
0.00000981699326985108
0.00000803208558863844
0.00000758585838411818
0.00000937076629270450
0.00000758585838411818
0.00000758585838411818
0.00000847831256578502
0.00000847831256578502
0.00000847831233841134
0.00000981699349722476
0.00000892453931555792
0.00000803208536126476
0.00000803208558863844
0.00000847831256578502
0.00000847831233841134
0.00000892453954293160
0.00001204812838295766
0.00000892453954293160
0.00000847831256578502
0.00000847831233841134
0.00000803208558863844
0.00000937076652007818
0.00000847831256578502
0.00000937076629270450
0.00000758585861149186
0.00001070944745151792
0.00000847831256578502
0.00001427926304131688
0.00000937076629270450
0.00000847831256578502
0.00000892453954293160
0.00001204812815558398
0.00000803208536126476
0.00000803208558863844
0.00000803208558863844
0.00000758585861149186
0.00000892453931555792
0.00000758585861149186
0.00000758585838411818
0.00000803208536126476
0.00000892453931555792
0.00000803208536126476
0.00000803208558863844
0.00000847831233841134
0.00001294058233725082
0.00000892453954293160
0.00000847831256578502
0.00000981699349722476
0.00000758585861149186
0.00001160190140581108
0.00000803208558863844
0.00000892453931555792
0.00000847831233841134
0.00000803208558863844
0.00000803208558863844
0.00001026322047437134
0.00000847831233841134
0.00000847831256578502
0.00000847831256578502
0.00000803208558863844
0.00000892453931555792
0.00000847831233841134
0.00001026322024699766
0.00001115567442866450
0.00000803208536126476
0.00000803208558863844
0.00000847831256578502
0.00000803208558863844
0.00000847831256578502
0.00001115567420129082
0.00000892453954293160
0.00000847831256578502
0.00000937076652007818
0.00000803208536126476
0.00001026322047437134
0.00000803208536126476
0.00001249435513273056
0.00001160190117843740
0.00000803208558863844
0.00000892453954293160
0.00000937076652007818
0.00000803208536126476
0.00000847831256578502
0.00000803208558863844
0.00001160190117843740
0.00000803208536126476
0.00000981699349722476
0.00000847831256578502
0.00000892453954293160
0.00000803208536126476
0.00001249435513273056
0.00000937076652007818
0.00001294058210987714
0.00000892453954293160
0.00000892453931555792
0.00000758585838411818
0.00000758585838411818
0.00000937076629270450
0.00001160190117843740
0.00000892453931555792
0.00000803208558863844
0.00000847831256578502
0.00000981699326985108
0.00000803208558863844
0.00001070944722414424
0.00000803208558863844
0.00000803208558863844
0.00000981699326985108
0.00000847831233841134
0.00000892453954293160
0.00000758585861149186
0.00000847831256578502
0.00000847831233841134
0.00000847831256578502
0.00001026322047437134
0.00000803208536126476
0.00000803208536126476
0.00001160190140581108
0.00000803208536126476
0.00000847831256578502
0.00000847831233841134
0.00000803208558863844
0.00000847831256578502
0.00000937076629270450
0.00000847831256578502
0.00000803208558863844
0.00000847831256578502
0.00001070944745151792
0.00001070944722414424
0.00001026322047437134
0.00000892453931555792
0.00000758585838411818
0.00000803208558863844
0.00000892453931555792
0.00000892453931555792
0.00000758585838411818
0.00000847831233841134
0.00000847831233841134
0.00000892453954293160
0.00001115567420129082
0.00000803208558863844
0.00000981699326985108
0.00000981699349722476
0.00000803208536126476
0.00000803208536126476
0.00000803208558863844
0.00001115567442866450
0.00001204812815558398
0.00000803208558863844
0.00000981699349722476
0.00000803208558863844
0.00000758585838411818
0.00000892453954293160
0.00000847831256578502
0.00001115567420129082
0.00000892453931555792
0.00000803208536126476
0.00000803208536126476
0.00001160190140581108
0.00001115567442866450
0.00000892453931555792
0.00000847831256578502
0.00000847831233841134
0.00000803208558863844
0.00000847831233841134
0.00000803208558863844
0.00000847831256578502
0.00000847831256578502
0.00000803208536126476
0.00000847831256578502
0.00000937076652007818
0.00000892453931555792
0.00000847831233841134
0.00001383303606417030
0.00000847831256578502
0.00000803208536126476
0.00000803208536126476
0.00001070944745151792
0.00000847831256578502
0.00000847831256578502
0.00000758585861149186
0.00000981699349722476
0.00000892453954293160
0.00000847831256578502
0.00001204812815558398
0.00000937076652007818
0.00000803208558863844
0.00000937076629270450
0.00000803208536126476
0.00001115567442866450
0.00001115567420129082
0.00000803208536126476
0.00000803208558863844
0.00000937076629270450
0.00000937076629270450
0.00000892453954293160
0.00001160190140581108
0.00000847831256578502
0.00000847831256578502
0.00000847831233841134
0.00000803208536126476
0.00000803208558863844
0.00000847831256578502
0.00000847831233841134
0.00001026322024699766
0.00000803208558863844
0.00000847831256578502
0.00000758585861149186
0.00000937076629270450
0.00001026322024699766
0.00000892453931555792
0.00000937076629270450
0.00000803208558863844
0.00000803208558863844
0.00000892453954293160
0.00000981699326985108
0.00000847831256578502
0.00000847831256578502
0.00000803208536126476
0.00001026322024699766
0.00000803208536126476
0.00000847831256578502
0.00001338680908702372
0.00000892453954293160
0.00000981699326985108
0.00001070944722414424
