0.00000937076640639134
0.00000847831245209818
0.00000847831245209818
0.00001026322036068450
0.00001070944733783108
0.00000847831256578502
0.00001115567431497766
0.00000937076640639134
0.00001160190129212424
0.00001026322036068450
0.00000937076640639134
0.00001070944733783108
0.00000981699349722476
0.00000892453942924476
0.00000981699338353792
0.00000892453954293160
0.00000981699338353792
0.00000981699338353792
0.00000803208547495160
0.00000981699338353792
0.00001204812826927082
0.00000937076640639134
0.00000937076640639134
0.00000937076640639134
0.00001338680920071056
0.00001115567420129082
0.00000981699338353792
0.00000892453942924476
0.00000937076652007818
0.00000803208547495160
0.00000937076640639134
0.00000937076640639134
0.00000981699338353792
0.00000937076640639134
0.00000937076640639134
0.00000847831256578502
0.00000981699338353792
0.00000847831245209818
0.00001160190129212424
0.00000937076640639134
0.00000937076640639134
0.00000892453954293160
0.00000803208547495160
0.00000892453942924476
0.00000892453942924476
0.00000803208558863844
0.00000981699338353792
0.00000981699338353792
0.00000981699338353792
0.00000892453942924476
0.00000981699338353792
0.00001338680920071056
0.00000937076640639134
0.00000937076640639134
0.00001070944733783108
0.00000937076640639134
0.00000892453942924476
0.00000892453954293160
0.00000981699338353792
0.00000892453954293160
0.00000892453942924476
0.00000937076640639134
0.00001026322036068450
0.00001026322036068450
0.00000981699338353792
0.00000937076640639134
0.00000937076640639134
0.00000937076640639134
0.00000981699349722476
0.00000937076640639134
0.00000981699338353792
0.00000937076640639134
0.00000847831245209818
0.00001026322036068450
0.00000892453942924476
0.00000892453942924476
0.00000847831245209818
0.00000981699338353792
0.00000937076640639134
0.00000847831245209818
0.00000937076640639134
0.00000937076640639134
0.00000803208547495160
0.00000981699338353792
0.00001026322036068450
0.00000981699338353792
0.00001026322036068450
0.00000981699338353792
0.00000937076640639134
0.00000937076640639134
0.00000847831256578502
0.00000937076640639134
0.00000847831245209818
0.00000937076640639134
0.00000981699338353792
0.00000937076640639134
0.00000981699338353792
0.00000981699338353792
0.00000937076640639134
0.00001070944733783108
0.00000937076640639134
0.00000981699338353792
0.00000981699338353792
0.00000937076640639134
0.00000847831256578502
0.00000937076640639134
0.00000892453942924476
0.00000937076640639134
0.00001026322036068450
0.00001026322036068450
0.00001160190129212424
0.00000981699338353792
0.00000803208558863844
0.00001026322036068450
0.00000981699349722476
0.00000981699338353792
0.00000892453954293160
0.00000892453942924476
0.00000892453942924476
0.00001070944733783108
0.00000803208547495160
0.00000892453954293160
0.00000937076640639134
0.00000981699338353792
0.00001026322036068450
0.00000847831256578502
0.00001517171699561004
0.00000981699338353792
0.00000937076652007818
0.00001026322036068450
0.00000937076640639134
0.00000981699349722476
0.00000981699338353792
0.00001070944733783108
0.00000937076640639134
0.00000937076640639134
0.00000937076640639134
0.00000937076640639134
0.00000981699338353792
0.00000981699338353792
0.00000937076640639134
0.00000847831245209818
0.00000937076640639134
0.00001026322036068450
0.00000981699349722476
0.00000937076640639134
0.00000847831256578502
0.00000937076640639134
0.00000937076640639134
0.00001026322036068450
0.00000981699349722476
0.00000937076640639134
0.00000937076640639134
0.00001070944733783108
0.00000981699338353792
0.00001026322036068450
0.00000981699338353792
0.00000937076640639134
0.00000847831245209818
0.00000981699338353792
0.00000892453942924476
0.00000981699338353792
0.00000937076640639134
0.00000937076640639134
0.00001026322036068450
0.00000937076640639134
0.00000847831245209818
0.00000981699338353792
0.00000892453942924476
0.00000981699338353792
0.00000937076640639134
0.00000981699338353792
0.00000847831245209818
0.00000937076640639134
0.00000981699349722476
0.00000981699338353792
0.00000981699338353792
0.00000847831245209818
0.00001249435524641740
0.00000892453942924476
0.00000981699338353792
0.00000981699338353792
0.00000937076640639134
0.00000892453942924476
0.00000981699338353792
0.00000981699338353792
0.00000981699338353792
0.00000981699338353792
0.00000981699338353792
0.00000892453942924476
0.00000981699338353792
0.00000847831245209818
0.00000937076652007818
0.00001026322036068450
0.00000937076640639134
0.00001070944733783108
0.00000847831256578502
0.00000937076640639134
0.00000847831245209818
0.00000892453942924476
0.00000937076640639134
0.00001026322036068450
0.00000981699338353792
0.00000981699338353792
0.00000937076640639134
0.00001026322036068450
0.00001070944733783108
0.00000981699338353792
0.00000981699338353792
0.00000892453942924476
0.00000937076640639134
0.00001026322036068450
0.00000937076640639134
0.00000981699338353792
0.00000981699338353792
0.00000892453942924476
0.00000937076652007818
0.00000803208547495160
0.00000981699338353792
0.00000937076640639134
0.00000981699338353792
0.00000892453942924476
0.00000892453942924476
0.00000892453942924476
0.00000981699338353792
0.00000892453942924476
0.00001026322047437134
0.00000803208547495160
0.00000981699338353792
0.00001070944733783108
0.00000937076640639134
0.00000803208547495160
0.00000981699338353792
0.00000847831245209818
0.00000981699338353792
0.00000937076640639134
0.00000892453942924476
0.00000981699338353792
0.00000937076640639134
0.00000937076640639134
0.00000981699338353792
0.00000937076640639134
0.00000892453942924476
0.00000937076640639134
0.00000892453942924476
0.00000981699338353792
0.00000937076640639134
0.00000847831245209818
0.00000937076640639134
0.00000981699338353792
0.00000937076640639134
0.00000847831256578502
0.00000892453954293160
0.00000937076640639134
0.00001026322036068450
0.00000981699338353792
0.00000937076640639134
0.00000981699338353792
0.00000847831245209818
0.00001026322036068450
0.00000981699349722476
0.00000803208547495160
0.00001427926315500372
0.00001026322036068450
0.00000981699338353792
0.00001026322036068450
0.00000937076652007818
0.00001026322036068450
0.00000981699338353792
0.00000981699338353792
0.00000981699338353792
0.00000937076640639134
0.00000847831256578502
0.00000937076640639134
0.00001026322036068450
0.00000937076640639134
0.00001026322036068450
0.00000937076640639134
0.00000981699338353792
0.00001070944733783108
0.00000892453942924476
0.00000981699338353792
0.00000981699338353792
0.00000981699338353792
0.00000847831245209818
0.00000892453942924476
0.00000981699338353792
0.00001160190129212424
0.00000981699338353792
0.00000892453954293160
0.00000803208558863844
0.00000981699338353792
0.00001160190129212424
0.00000981699338353792
0.00001026322036068450
0.00000937076640639134
0.00000892453942924476
0.00000981699338353792
0.00000847831245209818
0.00000803208547495160
0.00000981699349722476
0.00001026322036068450
0.00001026322036068450
0.00000892453942924476
0.00001026322036068450
0.00001651039804073662
0.00000981699338353792
0.00000981699349722476
0.00000937076640639134
0.00000981699338353792
0.00000937076640639134
0.00001026322036068450
0.00001026322036068450
0.00000937076652007818
0.00000892453942924476
0.00000981699338353792
0.00000937076652007818
0.00000981699338353792
0.00000892453942924476
0.00000981699338353792
0.00000981699338353792
0.00001204812826927082
0.00001026322036068450
0.00000937076640639134
0.00000981699338353792
0.00000937076640639134
0.00000892453942924476
0.00000937076640639134
0.00000892453942924476
0.00000847831256578502
0.00000981699338353792
0.00000847831245209818
0.00000937076640639134
0.00001026322036068450
0.00001026322036068450
0.00001070944733783108
0.00000981699338353792
0.00000937076640639134
0.00000892453942924476
0.00001026322036068450
0.00000892453942924476
0.00000892453942924476
0.00000981699338353792
0.00000892453942924476
0.00000847831256578502
0.00000981699338353792
0.00001026322036068450
0.00000981699338353792
0.00001249435524641740
0.00000981699338353792
0.00000981699338353792
0.00000937076640639134
0.00000981699338353792
0.00001204812826927082
0.00000892453942924476
0.00000981699338353792
0.00001338680920071056
0.00000981699338353792
0.00000981699338353792
0.00000981699338353792
0.00001026322036068450
0.00000981699338353792
0.00000937076640639134
0.00000892453942924476
0.00000937076640639134
0.00000981699338353792
0.00000847831245209818
0.00000892453954293160
0.00000892453942924476
0.00000937076640639134
0.00000892453942924476
0.00000937076640639134
0.00000937076640639134
